#{"t_start": 1630926782.8792677, "env_id": "imitationNM/SortingOnions-v0"}
r,l,t
0.0,1,1.625837
0.0,1,1.627184
0.0,1,1.628412
0.0,1,1.629609
0.0,1,1.630735
0.0,1,1.631935
0.0,1,1.63309
-0.065789,2,1.637481
0.276316,2,1.640654
0.0,1,1.641742
0.0,1,1.642953
-0.131579,3,1.646197
0.276316,2,1.648458
0.0,1,1.649661
-0.065789,2,1.651919
-0.065789,2,1.654153
0.0,1,1.655289
0.0,1,1.656337
0.0,1,1.657444
0.552632,3,1.661713
0.0,1,1.663199
0.276316,2,1.665865
0.0,1,1.667339
0.0,1,1.668897
0.0,1,1.670309
0.0,1,1.671507
0.276316,2,1.673789
-0.065789,2,1.676074
0.0,1,1.677203
-0.065789,2,1.67925
-0.065789,2,1.681355
0.0,1,1.682434
0.0,1,1.683549
0.0,1,1.684638
0.0,1,1.685726
-0.065789,2,1.687859
0.210526,3,1.691046
0.0,1,1.69225
0.276316,2,1.694386
0.0,1,1.695473
-0.065789,2,1.697705
0.0,1,1.698826
0.0,1,1.699972
0.276316,2,1.70221
0.276316,2,1.704413
-0.065789,2,1.706574
0.0,1,1.707629
-0.131579,3,1.710879
0.0,1,1.711926
-0.065789,2,1.714003
0.0,1,1.71512
-0.065789,2,1.717237
0.0,1,1.718339
-0.131579,3,1.721636
0.276316,2,1.723989
0.0,1,1.725071
0.0,1,1.726155
0.0,1,1.727229
0.276316,2,1.729385
0.0,1,1.73045
0.0,1,1.731482
-0.065789,2,1.73354
0.0,1,1.734599
0.0,1,1.735682
0.0,1,1.736771
0.5,5,1.742039
0.0,1,1.743078
0.276316,2,1.74514
0.0,1,1.746194
0.0,1,1.747297
0.0,1,1.748429
0.0,1,1.749541
0.0,1,1.750656
0.631579,3,1.753628
0.0,1,1.754626
0.0,1,1.755613
0.0,1,1.756678
0.0,1,1.757783
0.276316,2,1.759867
0.0,1,1.76095
0.0,1,1.761921
0.0,1,1.762996
0.0,1,1.764066
0.0,1,1.765057
-0.065789,2,1.767
0.0,1,1.767994
0.0,1,1.768995
0.0,1,1.769968
0.0,1,1.770962
0.0,1,1.771928
0.552632,3,1.774891
0.276316,2,1.776864
0.0,1,1.777823
0.0,1,1.778797
0.0,1,1.779811
0.0,1,1.780805
0.0,1,1.781797
0.0,1,1.782789
0.276316,2,1.784753
0.0,1,1.785736
0.552632,3,1.788736
-0.065789,2,1.790708
0.0,1,1.791693
0.0,1,1.79269
0.276316,2,1.79465
-0.065789,2,1.796687
0.0,1,1.79807
0.0,1,1.799419
0.0,1,1.800803
0.276316,2,1.803236
0.0,1,1.804261
0.0,1,1.805292
0.0,1,1.806658
0.0,1,1.808038
0.0,1,1.809416
0.0,1,1.810782
0.0,1,1.812215
0.0,1,1.813475
-0.065789,2,1.81545
0.0,1,1.816466
0.0,1,1.817455
0.0,1,1.818424
0.276316,2,1.820433
0.0,1,1.821428
0.0,1,1.822438
0.0,1,1.823449
0.0,1,1.824442
0.0,1,1.825452
0.0,1,1.826451
0.276316,2,1.828445
0.276316,2,1.830416
0.0,1,1.831419
0.0,1,1.832411
0.0,1,1.833399
0.0,1,1.834411
0.0,1,1.835423
0.0,1,1.836441
0.0,1,1.837429
0.0,1,1.838433
0.0,1,1.839441
0.0,1,1.840454
0.0,1,1.841439
0.0,1,1.842435
0.0,1,1.843494
0.0,1,1.844499
0.0,1,1.845489
0.276316,2,1.847472
0.0,1,1.848491
0.276316,2,1.850494
-0.065789,2,1.85252
0.276316,2,1.854468
0.210526,3,1.857475
0.0,1,1.858448
0.486842,4,1.862435
0.0,1,1.863429
0.0,1,1.864432
-0.065789,2,1.866436
0.0,1,1.867418
0.0,1,1.868445
0.0,1,1.869425
0.0,1,1.870441
0.0,1,1.871438
0.0,1,1.872456
0.0,1,1.873453
0.0,1,1.874427
0.0,1,1.875438
0.0,1,1.876437
0.0,1,1.877445
-0.131579,3,1.880405
0.0,1,1.881375
-0.065789,2,1.883348
0.0,1,1.884317
0.0,1,1.885322
0.0,1,1.8863
-0.065789,2,1.888327
0.0,1,1.889447
0.0,1,1.890489
0.0,1,1.891519
0.0,1,1.892542
0.276316,2,1.894526
0.0,1,1.895499
0.0,1,1.896518
0.631579,3,1.899519
0.0,1,1.900548
0.0,1,1.90154
0.0,1,1.902555
0.0,1,1.903547
0.0,1,1.904558
0.0,1,1.905596
0.0,1,1.906673
0.0,1,1.907699
0.0,1,1.908683
0.0,1,1.909703
0.0,1,1.910709
0.763158,5,1.915756
0.0,1,1.916756
0.0,1,1.91774
0.0,1,1.918766
0.0,1,1.919801
0.0,1,1.920826
-0.065789,2,1.92287
0.0,1,1.923896
0.210526,3,1.926967
0.0,1,1.92797
0.0,1,1.928986
0.0,1,1.930059
0.0,1,1.931077
0.210526,3,1.934232
0.0,1,1.93525
0.0,1,1.936319
0.0,1,1.937355
0.0,1,1.93838
0.276316,2,1.940484
0.276316,2,1.94257
-0.065789,2,1.944644
0.276316,2,1.946786
0.0,1,1.947849
0.0,1,1.948878
0.0,1,1.949909
0.0,1,1.950934
0.0,1,1.951992
0.0,1,1.953025
-0.131579,3,1.956154
0.0,1,1.957185
0.276316,2,1.959276
0.0,1,1.9603
0.0,1,1.961291
-0.131579,3,1.964458
-0.065789,2,1.966593
0.0,1,1.967613
0.276316,2,1.969685
0.0,1,1.970687
0.0,1,1.971714
0.0,1,1.972683
0.0,1,1.973702
0.0,1,1.974717
0.0,1,1.975729
0.552632,3,1.978754
0.552632,3,1.982002
0.276316,2,1.984053
0.0,1,1.98505
0.0,1,1.986075
0.0,1,1.987109
0.0,1,1.988118
0.0,1,1.989068
0.210526,3,1.99201
-0.263158,5,1.996994
0.0,1,1.99806
0.552632,3,2.001116
0.0,1,2.002083
0.0,1,2.003083
0.0,1,2.004137
0.0,1,2.005138
0.0,1,2.006168
0.0,1,2.007169
0.0,1,2.008171
0.0,1,2.009169
0.0,1,2.010211
-0.065789,2,2.01225
0.0,1,2.013223
-0.065789,2,2.015249
0.0,1,2.016234
0.0,1,2.017268
0.0,1,2.018265
0.0,1,2.01923
0.276316,2,2.021269
0.276316,2,2.023285
0.0,1,2.024314
0.0,1,2.025304
0.0,1,2.026328
-0.065789,2,2.028315
0.0,1,2.029339
0.0,1,2.030321
0.0,1,2.031303
0.0,1,2.032309
0.0,1,2.033296
0.0,1,2.034279
0.0,1,2.035264
0.0,1,2.036264
0.276316,2,2.038226
0.0,1,2.039256
0.0,1,2.0403
0.0,1,2.041293
0.0,1,2.042299
0.0,1,2.043325
0.0,1,2.044374
0.276316,2,2.046384
0.0,1,2.047403
0.0,1,2.048401
0.0,1,2.049407
0.0,1,2.050434
0.0,1,2.051424
0.0,1,2.052468
0.0,1,2.05343
0.0,1,2.054415
0.0,1,2.055405
0.0,1,2.05644
0.276316,2,2.058434
0.0,1,2.059427
0.552632,3,2.062463
0.0,1,2.063489
0.0,1,2.064533
0.0,1,2.065561
0.0,1,2.066582
0.0,1,2.06757
-0.065789,2,2.069657
0.0,1,2.070675
0.0,1,2.071703
0.0,1,2.072702
-0.065789,2,2.074653
0.276316,2,2.076635
-0.065789,2,2.078581
0.0,1,2.079535
0.0,1,2.080515
-0.065789,2,2.082492
0.0,1,2.083515
-0.065789,2,2.085546
0.0,1,2.086573
0.0,1,2.087565
0.0,1,2.088615
0.144737,4,2.092679
-0.065789,2,2.094659
0.0,1,2.095695
-0.131579,3,2.098762
0.0,1,2.099763
0.0,1,2.100813
0.276316,2,2.102848
0.0,1,2.103811
0.0,1,2.104856
0.0,1,2.105849
-0.065789,2,2.107937
0.0,1,2.108915
0.0,1,2.109916
0.0,1,2.110947
-0.065789,2,2.112967
0.0,1,2.113997
0.210526,3,2.116957
-0.065789,2,2.118959
0.276316,2,2.120963
0.0,1,2.121996
0.0,1,2.122985
0.0,1,2.124005
0.0,1,2.125021
0.0,1,2.12606
-0.065789,2,2.128122
0.0,1,2.129161
0.0,1,2.130179
0.210526,3,2.133159
0.421053,5,2.13933
0.0,1,2.140919
0.276316,2,2.143232
0.0,1,2.144372
0.0,1,2.145463
0.0,1,2.146604
0.0,1,2.147723
0.276316,2,2.14995
0.0,1,2.151069
-0.131579,3,2.154347
0.0,1,2.155423
0.0,1,2.156506
0.0,1,2.157629
0.0,1,2.158704
0.0,1,2.159826
0.0,1,2.160935
0.276316,2,2.163114
0.144737,4,2.167578
0.0,1,2.169484
0.0,1,2.17146
0.0,1,2.173404
0.210526,3,2.177635
0.0,1,2.178655
0.0,1,2.179684
0.0,1,2.180718
0.0,1,2.181745
0.0,1,2.182783
0.0,1,2.18379
0.631579,3,2.186703
0.0,1,2.187651
0.0,1,2.188637
0.0,1,2.189585
-0.065789,2,2.191665
0.276316,2,2.193584
0.0,1,2.194547
0.552632,3,2.19751
0.0,1,2.198561
-0.065789,2,2.200486
0.0,1,2.201482
0.0,1,2.202558
-0.065789,2,2.205118
0.276316,2,2.207231
0.0,1,2.208207
0.0,1,2.209184
0.0,1,2.210175
0.0,1,2.211156
-0.065789,2,2.213117
0.0,1,2.214118
-0.065789,2,2.216078
0.276316,2,2.218041
0.276316,2,2.220015
0.0,1,2.220994
0.276316,2,2.222944
0.276316,2,2.224896
0.0,1,2.225868
0.0,1,2.226806
-0.065789,2,2.228734
0.0,1,2.229706
0.0,1,2.230669
0.276316,2,2.232581
0.0,1,2.233541
0.0,1,2.234493
0.276316,2,2.236398
0.0,1,2.237366
0.0,1,2.238335
0.0,1,2.239279
0.0,1,2.240209
0.210526,3,2.243058
0.0,1,2.24398
0.0,1,2.244952
0.210526,3,2.247839
0.0,1,2.248804
-0.065789,2,2.250717
0.276316,2,2.25265
0.0,1,2.253613
0.0,1,2.25452
0.144737,4,2.258268
0.276316,2,2.260179
0.0,1,2.261128
0.0,1,2.262084
0.0,1,2.263054
0.0,1,2.264014
0.0,1,2.264987
0.0,1,2.265947
0.276316,2,2.267851
0.0,1,2.268815
0.210526,3,2.271613
0.0,1,2.272581
0.0,1,2.273529
0.0,1,2.274495
0.0,1,2.275458
0.552632,3,2.278328
0.0,1,2.279291
0.0,1,2.280258
0.276316,2,2.282176
0.0,1,2.283131
-0.065789,2,2.285044
-0.065789,2,2.286826
0.0,1,2.28779
0.0,1,2.288761
-0.065789,2,2.290643
0.0,1,2.291601
0.0,1,2.292561
0.276316,2,2.294469
0.276316,2,2.296328
0.210526,3,2.299109
0.276316,2,2.301038
0.0,1,2.301999
0.0,1,2.302956
-0.131579,3,2.305768
0.0,1,2.306709
0.0,1,2.307673
0.552632,3,2.310547
0.0,1,2.311475
0.0,1,2.312439
0.0,1,2.313404
-0.263158,5,2.318157
0.276316,2,2.320105
-0.065789,2,2.321978
0.0,1,2.322941
-0.065789,2,2.324867
0.276316,2,2.326758
0.0,1,2.327706
0.0,1,2.328659
0.0,1,2.329622
0.0,1,2.330565
-0.197368,4,2.334381
0.210526,3,2.337214
0.486842,4,2.341047
-0.065789,2,2.342928
0.0,1,2.343927
0.0,1,2.344882
0.0,1,2.345843
-0.065789,2,2.347741
0.0,1,2.348703
0.0,1,2.349642
-0.065789,2,2.35147
0.0,1,2.35244
0.0,1,2.353351
0.0,1,2.35431
0.0,1,2.355269
0.276316,2,2.357166
0.0,1,2.358124
0.276316,2,2.360035
0.0,1,2.361021
0.276316,2,2.36293
0.0,1,2.363887
0.276316,2,2.365831
0.276316,2,2.367671
0.0,1,2.368647
0.0,1,2.369613
0.0,1,2.370569
0.0,1,2.371519
0.0,1,2.372465
0.210526,3,2.375336
0.0,1,2.376284
0.0,1,2.37724
0.0,1,2.378193
0.0,1,2.379149
0.0,1,2.380074
0.0,1,2.381066
0.0,1,2.38202
-0.065789,2,2.383951
0.486842,4,2.387744
0.0,1,2.388765
0.276316,2,2.390656
0.0,1,2.391645
0.0,1,2.392632
0.0,1,2.393523
0.0,1,2.394446
0.0,1,2.395371
0.0,1,2.396338
-0.065789,2,2.39835
0.276316,2,2.40124
0.0,1,2.402966
0.276316,2,2.406565
0.0,1,2.407946
0.276316,2,2.409899
0.210526,3,2.412826
0.0,1,2.413791
0.0,1,2.414766
0.0,1,2.415746
-0.065789,2,2.417712
0.0,1,2.418652
0.0,1,2.419593
0.0,1,2.420597
0.0,1,2.421595
0.0,1,2.422596
-0.131579,3,2.425588
-0.065789,2,2.427512
0.0,1,2.428546
0.0,1,2.429538
-0.065789,2,2.431445
-0.065789,2,2.433465
0.0,1,2.434462
0.0,1,2.435411
0.276316,2,2.437389
0.0,1,2.438388
-0.065789,2,2.440396
0.0,1,2.441396
0.0,1,2.442414
0.276316,2,2.444426
-0.131579,3,2.447419
-0.065789,2,2.449385
0.0,1,2.45039
0.0,1,2.451329
0.0,1,2.452289
0.0,1,2.453277
0.0,1,2.454315
0.0,1,2.455335
0.276316,2,2.457358
0.0,1,2.458361
0.0,1,2.459363
0.0,1,2.460366
-0.065789,2,2.46237
0.0,1,2.463338
0.0,1,2.464348
-0.065789,2,2.466414
0.0,1,2.467393
0.0,1,2.46837
0.0,1,2.469399
0.0,1,2.470381
0.0,1,2.471397
0.0,1,2.472433
0.0,1,2.473427
0.0,1,2.474438
0.0,1,2.475464
0.0,1,2.476491
0.0,1,2.477494
-0.065789,2,2.479484
0.0,1,2.480524
0.0,1,2.481562
0.0,1,2.482582
-0.065789,2,2.484598
0.0,1,2.48559
0.276316,2,2.487587
0.0,1,2.488595
0.0,1,2.489624
0.0,1,2.490607
0.276316,2,2.492598
0.276316,2,2.494601
0.0,1,2.495584
0.0,1,2.496611
0.0,1,2.497592
-0.065789,2,2.499587
0.0,1,2.500582
0.276316,2,2.502583
-0.131579,3,2.505526
0.0,1,2.506524
0.0,1,2.50754
-0.065789,2,2.509568
0.0,1,2.51059
0.0,1,2.511528
-0.065789,2,2.513499
0.0,1,2.514456
0.0,1,2.515443
0.0,1,2.516454
0.0,1,2.517414
0.276316,2,2.519378
0.276316,2,2.521424
0.276316,2,2.523471
0.0,1,2.524538
0.276316,2,2.526567
0.0,1,2.527612
0.0,1,2.528612
0.552632,3,2.531587
0.0,1,2.532614
-0.065789,2,2.534604
0.0,1,2.535603
0.0,1,2.536626
0.0,1,2.537627
0.0,1,2.538642
0.0,1,2.539626
0.0,1,2.540637
0.0,1,2.541589
0.0,1,2.542548
0.0,1,2.54353
0.0,1,2.54454
0.0,1,2.545498
0.0,1,2.546468
-0.065789,2,2.54847
0.0,1,2.549481
0.0,1,2.550445
0.0,1,2.551429
0.0,1,2.552402
0.0,1,2.553349
-0.131579,3,2.556253
0.276316,2,2.558256
0.0,1,2.55927
0.276316,2,2.561271
0.0,1,2.562271
0.276316,2,2.56425
0.0,1,2.565237
0.0,1,2.566195
0.0,1,2.567201
0.0,1,2.568224
0.276316,2,2.570177
0.0,1,2.57113
0.0,1,2.572146
0.0,1,2.573143
0.0,1,2.574157
0.210526,3,2.577182
0.0,1,2.578147
0.0,1,2.579161
0.276316,2,2.58115
0.0,1,2.582112
0.0,1,2.583132
0.0,1,2.584075
0.0,1,2.585104
0.0,1,2.586069
0.0,1,2.58705
0.0,1,2.58805
0.0,1,2.589032
0.0,1,2.590045
0.276316,2,2.592005
0.0,1,2.593013
0.0,1,2.594035
0.0,1,2.59498
0.0,1,2.595974
0.0,1,2.596926
0.0,1,2.598002
0.276316,2,2.599964
0.0,1,2.601001
0.276316,2,2.602999
0.0,1,2.603994
-0.065789,2,2.605999
0.0,1,2.607002
0.0,1,2.608011
0.0,1,2.609029
0.0,1,2.610034
0.0,1,2.610991
0.0,1,2.611966
0.0,1,2.612951
0.276316,2,2.614908
0.0,1,2.61588
0.0,1,2.616843
0.0,1,2.617871
0.210526,3,2.620867
-0.065789,2,2.622848
0.0,1,2.623873
0.0,1,2.62486
-0.065789,2,2.626811
0.276316,2,2.628722
0.276316,2,2.63062
0.0,1,2.631571
0.0,1,2.632532
0.0,1,2.633504
0.0,1,2.634473
0.0,1,2.635474
0.0,1,2.636484
0.0,1,2.637497
0.0,1,2.638512
0.0,1,2.639524
0.0,1,2.640536
0.0,1,2.641543
0.0,1,2.642527
0.0,1,2.643534
0.0,1,2.644546
0.0,1,2.645643
0.276316,2,2.647584
0.0,1,2.64858
0.276316,2,2.650473
0.276316,2,2.652416
0.0,1,2.653407
0.0,1,2.654406
-0.065789,2,2.656343
0.0,1,2.657348
0.0,1,2.65834
0.276316,2,2.660335
0.0,1,2.661348
0.0,1,2.662287
0.0,1,2.66325
0.0,1,2.664263
0.0,1,2.665222
0.276316,2,2.667115
0.0,1,2.668113
-0.131579,3,2.671044
0.0,1,2.672058
0.0,1,2.673034
0.0,1,2.673994
0.0,1,2.674988
0.276316,2,2.676961
0.0,1,2.677966
0.276316,2,2.679952
0.0,1,2.680945
-0.065789,2,2.682857
-0.065789,2,2.684807
-0.065789,2,2.686772
0.276316,2,2.688711
0.0,1,2.689663
0.0,1,2.69067
0.0,1,2.691665
0.0,1,2.692668
0.0,1,2.693624
0.0,1,2.694616
0.0,1,2.695566
0.276316,2,2.697503
-0.065789,2,2.699499
0.210526,3,2.702425
0.0,1,2.703436
0.0,1,2.704445
0.0,1,2.705375
0.0,1,2.706384
0.210526,3,2.709363
0.0,1,2.710326
0.0,1,2.711341
0.0,1,2.712348
0.0,1,2.713324
0.0,1,2.714322
-0.065789,2,2.716262
0.0,1,2.717213
0.552632,3,2.720042
0.0,1,2.721092
0.276316,2,2.723073
0.0,1,2.724044
0.0,1,2.725067
0.0,1,2.726029
0.0,1,2.727088
0.0,1,2.728112
0.0,1,2.729058
0.0,1,2.730013
-0.065789,2,2.731927
0.0,1,2.732908
0.0,1,2.73385
0.0,1,2.73486
0.0,1,2.735812
0.0,1,2.736857
0.0,1,2.737814
0.0,1,2.738832
-0.065789,2,2.740831
0.210526,3,2.743812
0.0,1,2.74482
0.0,1,2.74583
0.0,1,2.746844
0.0,1,2.747845
0.0,1,2.748854
-0.131579,3,2.751822
-0.065789,2,2.753778
0.0,1,2.754805
0.0,1,2.755804
0.276316,2,2.757788
0.0,1,2.758815
0.0,1,2.759809
0.0,1,2.760833
0.0,1,2.76179
0.276316,2,2.763736
-0.065789,2,2.765722
0.0,1,2.76668
0.0,1,2.767622
0.276316,2,2.769622
0.0,1,2.770612
0.0,1,2.771613
0.0,1,2.772616
-0.065789,2,2.774624
0.276316,2,2.776637
-0.065789,2,2.778539
-0.065789,2,2.780515
0.0,1,2.781461
0.0,1,2.782423
0.0,1,2.783407
0.0,1,2.784356
0.0,1,2.785367
0.0,1,2.786377
0.276316,2,2.788291
0.0,1,2.789301
0.0,1,2.790264
0.0,1,2.791282
-0.065789,2,2.793253
0.0,1,2.794253
0.0,1,2.795252
0.0,1,2.796267
0.0,1,2.797259
0.0,1,2.798323
0.0,1,2.799294
0.0,1,2.800265
0.0,1,2.801202
0.0,1,2.802188
-0.131579,3,2.805062
0.0,1,2.80607
-0.065789,2,2.807953
0.0,1,2.808945
0.0,1,2.809948
0.0,1,2.810952
-0.065789,2,2.812927
-0.065789,2,2.814947
0.276316,2,2.816955
-0.065789,2,2.81886
0.276316,2,2.820835
0.0,1,2.821829
0.0,1,2.822787
0.0,1,2.823714
0.0,1,2.824657
0.0,1,2.825649
0.276316,2,2.828422
-0.065789,2,2.831212
0.0,1,2.832589
0.0,1,2.833953
0.0,1,2.835434
0.0,1,2.836735
-0.065789,2,2.83935
0.0,1,2.840372
0.0,1,2.84138
0.0,1,2.842433
0.0,1,2.843462
0.0,1,2.844472
0.0,1,2.845472
0.0,1,2.84648
0.276316,2,2.848493
0.0,1,2.849462
0.0,1,2.850444
0.0,1,2.851394
0.0,1,2.852407
0.0,1,2.853411
0.552632,3,2.85635
0.0,1,2.857392
0.0,1,2.858416
0.0,1,2.859414
-0.065789,2,2.861446
0.0,1,2.862487
0.0,1,2.863518
0.210526,3,2.866555
0.276316,2,2.868548
-0.065789,2,2.870492
0.0,1,2.871434
0.0,1,2.872439
0.0,1,2.873395
0.210526,3,2.876376
0.0,1,2.8774
0.0,1,2.878438
0.0,1,2.879412
0.0,1,2.880473
0.0,1,2.881524
0.0,1,2.882497
0.0,1,2.883499
0.0,1,2.884492
0.276316,2,2.88644
0.0,1,2.887436
0.0,1,2.888445
0.0,1,2.889364
0.210526,3,2.892343
0.0,1,2.893365
0.276316,2,2.895465
-0.065789,2,2.897441
0.421053,5,2.902804
-0.065789,2,2.909362
-0.065789,2,2.911532
0.0,1,2.913517
0.0,1,2.914958
0.0,1,2.916287
0.0,1,2.917624
-0.065789,2,2.920302
0.0,1,2.921625
0.0,1,2.9228
0.0,1,2.923779
0.0,1,2.924796
0.0,1,2.925738
0.0,1,2.926716
0.0,1,2.927994
0.0,1,2.929175
0.276316,2,2.931199
0.0,1,2.93277
0.0,1,2.934038
0.0,1,2.935352
0.0,1,2.936731
0.276316,2,2.939364
0.210526,3,2.942616
0.0,1,2.943772
0.0,1,2.944765
0.0,1,2.945759
0.276316,2,2.947702
0.0,1,2.948705
0.0,1,2.949703
0.0,1,2.950695
0.0,1,2.951663
0.276316,2,2.953652
0.0,1,2.954679
0.0,1,2.955696
0.0,1,2.956725
0.0,1,2.957698
-0.065789,2,2.959718
0.0,1,2.960746
0.0,1,2.961741
0.276316,2,2.963732
-0.065789,2,2.965713
0.0,1,2.966757
0.0,1,2.967794
-0.065789,2,2.969762
0.0,1,2.970757
0.0,1,2.97174
0.276316,2,2.97372
0.0,1,2.974706
0.0,1,2.975688
0.0,1,2.976679
0.0,1,2.977674
0.0,1,2.978656
0.144737,4,2.982656
0.0,1,2.983629
0.0,1,2.984623
0.0,1,2.985625
0.0,1,2.986613
0.0,1,2.987617
0.0,1,2.988627
0.0,1,2.989619
0.0,1,2.990618
-0.197368,4,2.994565
0.0,1,2.995561
0.276316,2,2.997563
0.276316,2,2.9996
0.0,1,3.000639
0.0,1,3.001648
0.276316,2,3.003599
0.0,1,3.004581
0.0,1,3.00557
0.0,1,3.006514
-0.131579,3,3.009365
0.0,1,3.010325
0.0,1,3.011311
0.0,1,3.012306
0.0,1,3.013357
0.0,1,3.014367
0.0,1,3.015321
0.631579,3,3.018322
0.0,1,3.019324
0.0,1,3.020338
0.0,1,3.021332
0.0,1,3.022321
0.0,1,3.023309
0.0,1,3.024369
0.0,1,3.02539
0.0,1,3.026356
0.0,1,3.027378
0.0,1,3.028415
0.276316,2,3.03046
0.0,1,3.031502
-0.065789,2,3.033529
0.0,1,3.034582
0.552632,3,3.037556
0.0,1,3.038548
0.0,1,3.039597
0.0,1,3.040603
0.0,1,3.041592
0.0,1,3.042619
0.276316,2,3.044563
-0.131579,3,3.047615
-0.065789,2,3.049632
0.0,1,3.050652
-0.065789,2,3.052706
0.0,1,3.053708
0.631579,3,3.056675
0.0,1,3.057721
0.0,1,3.058698
0.0,1,3.059749
0.0,1,3.060773
0.0,1,3.061807
0.0,1,3.062827
0.0,1,3.063794
0.144737,4,3.067769
0.0,1,3.068747
0.0,1,3.069732
0.0,1,3.070734
0.0,1,3.071766
0.0,1,3.072784
0.0,1,3.073788
0.0,1,3.074742
0.0,1,3.075754
0.0,1,3.076761
0.552632,3,3.079758
0.0,1,3.080765
-0.065789,2,3.08275
-0.065789,2,3.084732
0.0,1,3.085733
0.0,1,3.086733
0.0,1,3.087722
-0.065789,2,3.08971
0.0,1,3.090641
0.0,1,3.0916
0.0,1,3.092554
0.0,1,3.093516
0.0,1,3.094473
0.0,1,3.095436
0.0,1,3.096446
-0.065789,2,3.098498
-0.065789,2,3.100513
-0.065789,2,3.102466
0.276316,2,3.10444
0.0,1,3.105429
0.276316,2,3.107401
0.276316,2,3.10932
0.0,1,3.110271
0.0,1,3.1112
0.0,1,3.112162
0.0,1,3.113132
0.0,1,3.114182
-0.065789,2,3.116141
0.0,1,3.117132
0.276316,2,3.119139
0.0,1,3.120135
0.0,1,3.121116
-0.065789,2,3.123113
0.0,1,3.124123
0.276316,2,3.126086
0.276316,2,3.128053
0.0,1,3.12901
0.0,1,3.130018
0.0,1,3.13103
0.0,1,3.132022
0.0,1,3.13304
0.0,1,3.134022
0.276316,2,3.136069
0.0,1,3.137069
0.0,1,3.138068
-0.065789,2,3.140124
0.0,1,3.141242
0.0,1,3.14225
0.276316,2,3.144453
0.0,1,3.146137
0.0,1,3.147772
0.0,1,3.149359
0.0,1,3.150635
0.0,1,3.15192
0.276316,2,3.154487
0.276316,2,3.156964
0.0,1,3.15795
0.0,1,3.158931
0.0,1,3.159943
-0.065789,2,3.161898
0.0,1,3.162896
0.0,1,3.163884
0.0,1,3.164875
0.0,1,3.165854
0.0,1,3.166855
0.0,1,3.167825
0.276316,2,3.169809
0.276316,2,3.171795
0.0,1,3.172764
0.0,1,3.173752
0.276316,2,3.175644
0.0,1,3.176595
0.0,1,3.177549
0.276316,2,3.179403
0.0,1,3.180364
0.144737,4,3.184249
-0.065789,2,3.186192
0.0,1,3.187222
0.631579,3,3.190164
0.0,1,3.191164
0.631579,3,3.194088
0.0,1,3.195073
0.0,1,3.196059
-0.065789,2,3.198037
0.0,1,3.199109
0.276316,2,3.201114
0.0,1,3.202119
0.0,1,3.203096
0.0,1,3.204114
0.0,1,3.205119
0.0,1,3.206081
0.0,1,3.20709
0.0,1,3.208073
0.0,1,3.209106
0.276316,2,3.211018
-0.065789,2,3.213007
0.0,1,3.213968
0.0,1,3.214965
0.0,1,3.215969
0.0,1,3.217039
0.0,1,3.218016
0.0,1,3.219026
0.0,1,3.220036
0.276316,2,3.22208
0.0,1,3.223064
0.210526,3,3.226048
0.0,1,3.226984
0.0,1,3.227943
0.0,1,3.228921
0.276316,2,3.23077
0.0,1,3.231694
0.0,1,3.232628
0.0,1,3.233588
0.0,1,3.234542
0.0,1,3.235529
0.0,1,3.236537
0.0,1,3.237536
0.0,1,3.238516
0.631579,3,3.241489
0.0,1,3.242494
0.0,1,3.24349
0.0,1,3.244494
0.0,1,3.24549
0.0,1,3.246491
0.0,1,3.247456
0.0,1,3.248477
0.0,1,3.249416
0.0,1,3.250384
0.276316,2,3.252365
0.0,1,3.253325
0.0,1,3.254318
0.0,1,3.255322
0.0,1,3.256327
0.0,1,3.257301
0.0,1,3.258233
-0.065789,2,3.260232
-0.065789,2,3.262208
0.0,1,3.263189
0.0,1,3.264174
0.0,1,3.265188
0.0,1,3.266183
-0.065789,2,3.268134
0.0,1,3.269135
0.0,1,3.270125
0.0,1,3.271124
0.0,1,3.272078
0.0,1,3.273078
0.0,1,3.274044
-0.065789,2,3.27597
0.0,1,3.276983
0.0,1,3.27796
0.0,1,3.278961
0.0,1,3.279952
0.0,1,3.280945
-0.131579,3,3.283868
0.0,1,3.284862
0.0,1,3.285857
0.0,1,3.286861
0.0,1,3.287857
0.0,1,3.288828
0.0,1,3.289806
0.0,1,3.290781
0.0,1,3.29178
0.0,1,3.29274
0.0,1,3.293724
0.0,1,3.294725
0.0,1,3.295674
0.0,1,3.296689
0.0,1,3.297661
0.0,1,3.298671
0.0,1,3.299664
0.276316,2,3.301666
0.0,1,3.302623
0.0,1,3.303594
0.0,1,3.304583
0.276316,2,3.306543
0.0,1,3.30753
0.0,1,3.308518
-0.065789,2,3.310437
0.276316,2,3.312454
0.0,1,3.313432
0.0,1,3.314426
0.0,1,3.315402
-0.065789,2,3.317338
0.0,1,3.318335
0.0,1,3.319329
0.0,1,3.320337
0.0,1,3.32138
-0.131579,3,3.324312
-0.065789,2,3.326299
0.276316,2,3.328249
0.0,1,3.329249
0.0,1,3.33023
0.210526,3,3.333161
0.0,1,3.334118
-0.065789,2,3.336033
0.276316,2,3.338039
0.0,1,3.339028
0.0,1,3.340019
-0.065789,2,3.34202
0.0,1,3.343007
0.552632,3,3.346009
0.0,1,3.347022
0.276316,2,3.349022
0.0,1,3.350017
0.276316,2,3.352005
0.276316,2,3.353965
0.0,1,3.354943
0.0,1,3.355938
-0.065789,2,3.35788
0.0,1,3.358897
-0.065789,2,3.360831
0.276316,2,3.362836
0.0,1,3.36383
-0.065789,2,3.365834
0.0,1,3.366829
0.0,1,3.367835
0.0,1,3.368855
0.210526,3,3.37176
0.0,1,3.372741
0.276316,2,3.374635
-0.131579,3,3.377565
0.0,1,3.378555
0.0,1,3.379555
0.0,1,3.380517
0.0,1,3.381506
0.0,1,3.382507
-0.065789,2,3.384472
0.0,1,3.385456
0.631579,3,3.388429
-0.065789,2,3.390387
-0.065789,2,3.392404
0.276316,2,3.394386
0.0,1,3.395369
0.0,1,3.396399
-0.065789,2,3.399082
0.0,1,3.400798
0.0,1,3.402575
0.0,1,3.404283
0.631579,3,3.409305
0.0,1,3.410875
0.0,1,3.41259
0.0,1,3.414272
0.0,1,3.416044
0.0,1,3.417591
0.276316,2,3.419541
0.276316,2,3.421529
0.0,1,3.422546
0.0,1,3.423541
0.0,1,3.424551
0.0,1,3.425548
0.0,1,3.426554
0.0,1,3.427516
0.0,1,3.428527
-0.065789,2,3.430486
-0.065789,2,3.432443
0.486842,4,3.436418
0.0,1,3.437383
0.0,1,3.438391
0.0,1,3.43939
0.0,1,3.440393
0.0,1,3.441384
0.0,1,3.442393
0.0,1,3.443356
0.0,1,3.444369
0.0,1,3.44536
0.0,1,3.446351
0.276316,2,3.448319
-0.065789,2,3.450277
0.0,1,3.451262
0.276316,2,3.453277
0.0,1,3.454252
0.0,1,3.455212
0.0,1,3.456349
0.0,1,3.457532
-0.131579,3,3.461445
0.0,1,3.462511
-0.065789,2,3.46472
0.0,1,3.465709
0.0,1,3.466699
0.276316,2,3.468686
0.0,1,3.469691
0.0,1,3.470666
0.0,1,3.471628
0.276316,2,3.473609
0.144737,4,3.477741
0.0,1,3.479234
0.0,1,3.480196
0.0,1,3.481178
0.0,1,3.482165
0.0,1,3.483129
0.276316,2,3.485035
0.0,1,3.486029
0.0,1,3.487001
0.276316,2,3.488882
0.0,1,3.489858
0.0,1,3.490843
0.0,1,3.491806
0.0,1,3.492761
0.0,1,3.493732
0.0,1,3.494962
0.0,1,3.495915
0.0,1,3.496896
0.0,1,3.497844
0.0,1,3.498827
0.0,1,3.499743
0.0,1,3.500707
0.276316,2,3.502608
0.0,1,3.503577
0.0,1,3.504553
0.0,1,3.505518
0.0,1,3.506454
-0.065789,2,3.508401
0.0,1,3.509377
0.0,1,3.510314
0.0,1,3.511311
0.276316,2,3.51322
0.276316,2,3.515203
0.0,1,3.516167
0.276316,2,3.518138
0.0,1,3.519133
0.0,1,3.520063
0.0,1,3.52105
0.0,1,3.522067
0.0,1,3.523055
0.276316,2,3.52494
0.0,1,3.525924
0.0,1,3.526896
0.0,1,3.52787
0.0,1,3.528829
0.0,1,3.529818
0.0,1,3.530821
0.0,1,3.531759
0.0,1,3.532756
0.0,1,3.533694
0.0,1,3.534619
0.0,1,3.535623
0.276316,2,3.537601
0.0,1,3.538532
0.0,1,3.539492
0.0,1,3.540473
0.210526,3,3.543346
0.0,1,3.544316
0.0,1,3.54531
0.0,1,3.546362
0.0,1,3.547349
0.0,1,3.548328
0.486842,4,3.552098
0.0,1,3.553058
0.276316,2,3.554902
0.0,1,3.555907
0.0,1,3.556901
0.0,1,3.557893
0.0,1,3.558901
0.0,1,3.559885
0.0,1,3.560872
0.0,1,3.561862
0.0,1,3.562816
-0.065789,2,3.564726
-0.065789,2,3.566644
0.0,1,3.567643
0.0,1,3.568599
0.0,1,3.569599
0.0,1,3.570624
-0.065789,2,3.572595
0.210526,3,3.575407
0.0,1,3.576378
0.276316,2,3.578365
0.0,1,3.579365
0.0,1,3.580363
-0.065789,2,3.582299
0.0,1,3.583243
0.0,1,3.584266
0.0,1,3.585214
0.276316,2,3.58715
0.0,1,3.588126
0.276316,2,3.590029
0.0,1,3.591006
0.0,1,3.591949
0.0,1,3.592905
0.276316,2,3.594921
0.0,1,3.595885
-0.065789,2,3.597826
0.0,1,3.598838
0.0,1,3.599838
0.210526,3,3.60275
0.0,1,3.6037
0.0,1,3.604694
0.0,1,3.605697
0.0,1,3.606705
0.0,1,3.607692
0.0,1,3.60868
0.0,1,3.609656
0.0,1,3.610605
0.276316,2,3.612556
0.0,1,3.613521
0.0,1,3.614524
0.0,1,3.615514
-0.065789,2,3.617443
0.0,1,3.618423
0.0,1,3.619429
0.0,1,3.620419
0.210526,3,3.62335
0.0,1,3.624367
0.0,1,3.625353
0.276316,2,3.627307
0.0,1,3.628345
0.0,1,3.629276
0.144737,4,3.633061
0.0,1,3.634066
0.0,1,3.63502
-0.065789,2,3.637006
0.0,1,3.637967
0.0,1,3.63894
0.0,1,3.639924
-0.065789,2,3.641915
0.0,1,3.642934
0.0,1,3.643902
0.0,1,3.644897
0.0,1,3.645815
0.276316,2,3.647629
-0.065789,2,3.649539
0.0,1,3.650467
0.0,1,3.651434
0.0,1,3.652376
-0.065789,2,3.654303
-0.065789,2,3.656258
0.0,1,3.657187
-0.065789,2,3.659113
0.0,1,3.660099
0.0,1,3.661084
-0.065789,2,3.66307
0.552632,3,3.666013
0.0,1,3.666973
0.0,1,3.667953
0.0,1,3.668941
0.0,1,3.669927
0.552632,3,3.672855
0.0,1,3.673847
0.276316,2,3.675769
0.0,1,3.676766
0.0,1,3.67776
0.0,1,3.67876
0.0,1,3.679762
0.0,1,3.680721
0.0,1,3.681674
-0.065789,2,3.683665
0.276316,2,3.685668
0.0,1,3.686623
0.0,1,3.687612
0.0,1,3.688601
0.0,1,3.689571
0.0,1,3.690527
0.0,1,3.691482
-0.065789,2,3.693448
0.0,1,3.694439
-0.065789,2,3.696327
0.276316,2,3.698274
0.0,1,3.699308
0.0,1,3.700329
0.0,1,3.701328
0.631579,3,3.704258
0.0,1,3.705214
0.0,1,3.7062
0.0,1,3.707197
0.0,1,3.708121
0.0,1,3.709078
0.0,1,3.710016
0.0,1,3.710955
-0.065789,2,3.712838
0.0,1,3.713782
0.0,1,3.714777
0.276316,2,11.510072
0.276316,2,11.512313
0.0,1,11.513516
0.0,1,11.514637
0.276316,2,11.516835
0.0,1,11.51796
0.0,1,11.5192
0.0,1,11.520298
0.0,1,11.521416
0.0,1,11.522462
0.0,1,11.523666
0.0,1,11.524802
0.0,1,11.526043
0.552632,3,11.529108
0.276316,2,11.531267
0.276316,2,11.533541
0.0,1,11.534688
0.276316,2,11.537884
-0.065789,2,11.541598
0.0,1,11.543411
-0.065789,2,11.54611
0.0,1,11.547205
0.0,1,11.548364
0.276316,2,11.551118
0.0,1,11.552831
0.276316,2,11.556567
0.0,1,11.558442
0.0,1,11.560417
-0.065789,2,11.562844
0.276316,2,11.565709
0.552632,3,11.571
0.276316,2,11.574352
0.552632,3,11.579015
0.0,1,11.580781
0.0,1,11.581897
0.0,1,11.583591
0.0,1,11.585012
0.0,1,11.586399
0.276316,2,11.589426
0.276316,2,11.592285
0.0,1,11.59379
0.0,1,11.595408
0.276316,2,11.598483
-0.065789,2,11.601602
0.276316,2,11.6051
0.0,1,11.606803
0.276316,2,11.610175
0.0,1,11.611099
0.276316,2,11.613055
0.0,1,11.614012
0.0,1,11.615049
0.276316,2,11.617001
0.0,1,11.618147
0.0,1,11.619161
0.552632,3,11.623461
0.631579,3,11.627436
0.0,1,11.628755
-0.065789,2,11.631024
0.0,1,11.631995
0.0,1,11.633023
0.0,1,11.634047
0.0,1,11.635024
0.0,1,11.636033
0.552632,3,11.639049
0.0,1,11.640058
0.276316,2,11.642084
0.0,1,11.643093
0.276316,2,11.645172
0.276316,2,11.647209
0.0,1,11.648241
0.276316,2,11.650294
0.276316,2,11.652348
0.0,1,11.653367
0.0,1,11.654433
0.276316,2,11.656458
0.0,1,11.657482
0.552632,3,11.660626
0.552632,3,11.663625
0.0,1,11.664656
0.0,1,11.665682
0.0,1,11.666697
0.0,1,11.667732
0.0,1,11.668735
0.0,1,11.669807
0.0,1,11.670846
0.0,1,11.671877
0.0,1,11.672921
0.0,1,11.673953
0.0,1,11.675014
0.0,1,11.676048
0.552632,3,11.679012
0.0,1,11.680048
0.0,1,11.681065
0.0,1,11.682091
0.0,1,11.683129
0.276316,2,11.685192
0.276316,2,11.687272
0.0,1,11.688295
0.0,1,11.689326
0.276316,2,11.691377
0.276316,2,11.69343
0.552632,3,11.696495
0.0,1,11.697486
0.0,1,11.698512
0.0,1,11.699531
0.276316,2,11.701629
-0.065789,2,11.703682
0.0,1,11.704675
0.0,1,11.705707
0.276316,2,11.707774
0.276316,2,11.709821
0.552632,3,11.712899
0.0,1,11.714648
0.552632,3,11.719718
0.0,1,11.720804
0.276316,2,11.722772
0.0,1,11.723792
0.0,1,11.724811
0.0,1,11.725786
0.276316,2,11.727827
-0.065789,2,11.729834
0.0,1,11.730841
0.0,1,11.731855
0.0,1,11.732849
0.276316,2,11.734811
0.0,1,11.735868
0.0,1,11.736871
-0.065789,2,11.738838
0.276316,2,11.740844
0.0,1,11.74182
0.276316,2,11.743868
0.552632,3,11.746859
0.276316,2,11.748865
-0.065789,2,11.750823
0.631579,3,11.753826
0.0,1,11.754828
-0.065789,2,11.756789
0.0,1,11.757784
0.0,1,11.758822
0.0,1,11.759863
0.276316,2,11.761895
0.0,1,11.762921
0.0,1,11.763932
0.0,1,11.764952
0.907895,4,11.769079
0.0,1,11.770114
0.565789,4,11.774158
0.0,1,11.775192
0.0,1,11.776217
-0.065789,2,11.778274
0.0,1,11.779318
0.276316,2,11.781411
0.0,1,11.782429
0.0,1,11.783452
0.276316,2,11.786799
0.0,1,11.788104
0.276316,2,11.790768
0.276316,2,11.793337
-0.065789,2,11.79599
0.276316,2,11.799071
0.0,1,11.800824
-0.065789,2,11.804265
0.486842,4,11.809484
0.552632,3,11.812442
0.552632,3,11.815557
0.0,1,11.816634
-0.065789,2,11.818654
0.0,1,11.819674
0.0,1,11.820726
0.0,1,11.821733
0.276316,2,11.823796
0.0,1,11.824732
0.0,1,11.825778
0.552632,3,11.828886
0.0,1,11.829893
0.552632,3,11.832949
-0.065789,2,11.834996
0.0,1,11.835964
-0.065789,2,11.837994
-0.065789,2,11.839932
-0.065789,2,11.841949
0.0,1,11.842941
0.276316,2,11.845003
0.276316,2,11.846953
0.0,1,11.848015
0.0,1,11.848986
0.276316,2,11.851017
0.0,1,11.852021
0.0,1,11.853067
0.0,1,11.854103
0.552632,3,11.857144
0.552632,3,11.860162
0.0,1,11.861168
0.552632,3,11.86425
0.0,1,11.865246
0.0,1,11.866265
0.0,1,11.867305
0.276316,2,11.869335
0.276316,2,11.871411
0.0,1,11.872483
0.276316,2,11.874427
0.276316,2,11.876439
0.0,1,11.877361
-0.065789,2,11.879394
0.0,1,11.88043
0.0,1,11.881483
0.0,1,11.882372
0.0,1,11.883408
-0.065789,2,11.885441
0.0,1,11.886472
0.0,1,11.887476
0.0,1,11.888544
0.552632,3,11.891665
0.0,1,11.8927
0.276316,2,11.894707
0.0,1,11.89572
0.0,1,11.896729
0.0,1,11.897739
0.0,1,11.898678
0.276316,2,11.900681
0.276316,2,11.902672
-0.131579,3,11.905602
0.0,1,11.906561
0.0,1,11.907553
0.276316,2,11.909447
-0.065789,2,11.911442
0.0,1,11.912435
-0.065789,2,11.914469
0.0,1,11.915462
0.0,1,11.916496
0.552632,3,11.919466
-0.065789,2,11.921474
0.276316,2,11.923444
0.0,1,11.92449
0.0,1,11.925493
0.0,1,11.926521
0.0,1,11.927518
-0.065789,2,11.929552
0.631579,3,11.932523
0.565789,4,11.936543
0.276316,2,11.938496
0.0,1,11.939442
-0.065789,2,11.941472
0.276316,2,11.943462
0.0,1,11.944523
0.276316,2,11.946548
0.0,1,11.947511
0.0,1,11.94856
0.276316,2,11.950562
-0.065789,2,11.952588
0.0,1,11.953551
0.0,1,11.954591
0.276316,2,11.956612
0.552632,3,11.959605
0.552632,3,11.962622
-0.065789,2,11.96463
0.0,1,11.96567
-0.065789,2,11.967695
0.552632,3,11.970704
0.0,1,11.97171
0.565789,4,11.97576
0.276316,2,11.977822
0.276316,2,11.979879
0.0,1,11.980948
0.276316,2,11.982935
0.486842,4,11.986928
0.0,1,11.987939
0.276316,2,11.989988
0.0,1,11.990959
0.276316,2,11.992971
0.0,1,11.993995
0.276316,2,11.995977
0.0,1,11.996942
0.0,1,11.997976
0.276316,2,11.999981
0.276316,2,12.001951
-0.065789,2,12.00389
0.0,1,12.004942
0.0,1,12.00597
-0.065789,2,12.007974
0.552632,3,12.016409
0.0,1,12.017491
0.0,1,12.018612
0.0,1,12.019764
0.0,1,12.020745
-0.065789,2,12.022843
0.0,1,12.023775
0.276316,2,12.025788
0.0,1,12.026802
0.276316,2,12.028771
0.0,1,12.029789
0.0,1,12.03073
0.0,1,12.031718
0.0,1,12.032785
0.276316,2,12.035137
0.0,1,12.036548
0.0,1,12.037527
0.0,1,12.038577
-0.065789,2,12.040585
0.0,1,12.041586
0.0,1,12.042592
-0.065789,2,12.044628
0.0,1,12.045669
-0.065789,2,12.047649
0.276316,2,12.049712
0.0,1,12.050851
0.276316,2,12.052965
0.0,1,12.053964
0.0,1,12.05498
-0.065789,2,12.057019
0.0,1,12.057996
0.552632,3,12.061027
0.276316,2,12.063042
0.276316,2,12.065041
0.0,1,12.066072
0.276316,2,12.068111
0.0,1,12.069126
0.210526,3,12.07211
0.552632,3,12.075101
0.0,1,12.076151
0.0,1,12.077184
0.0,1,12.0782
0.0,1,12.0792
0.276316,2,12.081304
0.276316,2,12.08332
0.0,1,12.084367
0.0,1,12.085364
0.276316,2,12.08729
0.552632,3,12.090199
0.0,1,12.09118
0.0,1,12.092188
0.0,1,12.093192
-0.065789,2,12.095168
0.552632,3,12.098112
0.0,1,12.099068
0.552632,3,12.101989
0.276316,2,12.103957
-0.065789,2,12.105973
0.0,1,12.106999
-0.065789,2,12.108932
0.552632,3,12.111911
0.0,1,12.112894
0.0,1,12.113915
0.0,1,12.114907
0.0,1,12.115868
0.0,1,12.116839
0.0,1,12.117814
0.0,1,12.118786
0.0,1,12.11982
0.0,1,12.120807
0.0,1,12.121763
0.631579,3,12.124686
0.565789,4,12.12858
0.0,1,12.129546
0.276316,2,12.131491
0.276316,2,12.133442
0.0,1,12.134371
0.0,1,12.135374
0.552632,3,12.138284
0.0,1,12.139271
0.0,1,12.140273
0.276316,2,12.142213
0.276316,2,12.144206
0.631579,3,12.147219
-0.065789,2,12.149165
0.276316,2,12.151132
0.0,1,12.152133
0.276316,2,12.154138
0.631579,3,12.156985
0.0,1,12.157995
-0.065789,2,12.159916
0.276316,2,12.161856
0.0,1,12.162807
0.631579,3,12.165708
0.0,1,12.166723
0.276316,2,12.168689
0.276316,2,12.170708
0.828947,4,12.174653
0.0,1,12.175614
0.276316,2,12.177565
0.0,1,12.178561
0.0,1,12.17955
0.276316,2,12.181483
0.276316,2,12.183501
0.276316,2,12.186952
0.0,1,12.188558
0.0,1,12.190006
0.0,1,12.191242
0.0,1,12.192652
-0.065789,2,12.195416
0.0,1,12.196826
-0.065789,2,12.199145
0.0,1,12.200161
0.0,1,12.201206
0.552632,3,12.204106
0.210526,3,12.207094
0.276316,2,12.209148
0.0,1,12.210144
0.276316,2,12.212147
0.0,1,12.21316
0.0,1,12.214185
0.0,1,12.215169
0.276316,2,12.217156
-0.065789,2,12.219214
0.276316,2,12.221138
0.631579,3,12.224109
0.0,1,12.225079
0.0,1,12.226072
0.0,1,12.227079
0.552632,3,12.230028
0.0,1,12.230976
0.0,1,12.231934
0.552632,3,12.234957
0.0,1,12.235959
0.0,1,12.236977
0.276316,2,12.238981
0.631579,3,12.241943
0.552632,3,12.245004
0.552632,3,12.247963
0.0,1,12.248942
0.276316,2,12.250873
0.0,1,12.251868
0.552632,3,12.254777
0.0,1,12.255721
0.0,1,12.256742
0.0,1,12.257748
0.276316,2,12.259712
0.276316,2,12.261801
0.0,1,12.26275
-0.065789,2,12.264756
0.0,1,12.265767
0.631579,3,12.269045
0.0,1,12.27005
0.552632,3,12.272975
-0.065789,2,12.27491
0.0,1,12.275882
0.276316,2,12.27793
0.0,1,12.27893
0.276316,2,12.280963
0.0,1,12.281923
0.0,1,12.282919
0.0,1,12.2839
0.0,1,12.284976
0.0,1,12.285995
0.276316,2,12.287942
0.552632,3,12.290941
-0.065789,2,12.292929
0.276316,2,12.294895
0.0,1,12.295891
-0.065789,2,12.297901
-0.065789,2,12.29985
0.0,1,12.300889
0.552632,3,12.303876
0.552632,3,12.306865
0.276316,2,12.308835
0.0,1,12.309841
0.0,1,12.310811
0.0,1,12.311823
-0.065789,2,12.31384
0.0,1,12.314848
0.552632,3,12.31792
-0.065789,2,12.319902
0.276316,2,12.321905
0.0,1,12.322917
0.0,1,12.323959
0.0,1,12.324919
0.0,1,12.325928
0.0,1,12.326951
-0.131579,3,12.329952
-0.065789,2,12.331945
0.0,1,12.332927
0.0,1,12.333926
0.0,1,12.334974
0.276316,2,12.336952
0.0,1,12.337924
0.276316,2,12.339909
0.0,1,12.34096
0.0,1,12.341933
0.0,1,12.342989
0.0,1,12.34399
0.0,1,12.345006
0.0,1,12.346021
0.276316,2,12.348028
0.0,1,12.349042
0.276316,2,12.350986
0.631579,3,12.354023
0.0,1,12.354978
0.0,1,12.355963
-0.065789,2,12.357924
-0.065789,2,12.359905
-0.065789,2,12.361846
0.0,1,12.362808
0.276316,2,12.364806
0.0,1,12.365783
0.276316,2,12.367829
0.276316,2,12.369778
0.0,1,12.370744
0.0,1,12.371747
0.276316,2,12.373692
0.0,1,12.374695
0.0,1,12.37574
0.0,1,12.376745
0.552632,3,12.379782
0.276316,2,12.381774
-0.065789,2,12.383771
0.0,1,12.384854
0.0,1,12.38588
0.276316,2,12.387933
0.0,1,12.388924
0.0,1,12.389945
0.0,1,12.390952
0.0,1,12.391925
0.0,1,12.392937
0.0,1,12.393902
0.0,1,12.394876
0.486842,4,12.399229
0.276316,2,12.401302
0.0,1,12.402291
0.631579,3,12.405157
0.276316,2,12.40718
0.0,1,12.408248
-0.131579,3,12.411143
-0.131579,3,12.414106
0.276316,2,12.416079
0.0,1,12.417067
-0.065789,2,12.419173
0.0,1,12.420194
0.276316,2,12.422116
0.276316,2,12.424077
0.0,1,12.4251
0.0,1,12.426101
0.276316,2,12.428096
0.0,1,12.429098
0.0,1,12.430108
0.210526,3,12.433105
0.0,1,12.43406
0.0,1,12.435128
0.0,1,12.436141
0.552632,3,12.439064
0.276316,2,12.441024
0.276316,2,12.442918
0.631579,3,12.445883
-0.065789,2,12.447786
0.276316,2,12.449807
0.552632,3,12.452855
0.276316,2,12.454831
0.0,1,12.455811
0.0,1,12.456799
0.276316,2,12.458753
0.0,1,12.459723
0.0,1,12.460698
0.276316,2,12.462646
0.0,1,12.463615
0.0,1,12.46458
0.552632,3,12.467517
0.0,1,12.468581
0.0,1,12.469577
0.0,1,12.470538
0.0,1,12.471536
0.0,1,12.472543
0.0,1,12.473551
0.0,1,12.474571
0.0,1,12.475586
0.0,1,12.476599
-0.065789,2,12.478609
0.0,1,12.479609
0.0,1,12.480604
0.631579,3,12.48358
0.276316,2,12.485619
0.0,1,12.486623
0.276316,2,12.48855
-0.065789,2,12.490511
0.0,1,12.491503
0.276316,2,12.493517
0.631579,3,12.496412
0.0,1,12.497427
0.552632,3,12.50036
0.276316,2,12.502457
0.631579,3,12.505387
0.0,1,12.506345
0.0,1,12.507323
0.276316,2,12.509328
0.0,1,12.510298
0.0,1,12.511305
0.0,1,12.512307
0.0,1,12.51332
0.828947,4,12.517164
0.276316,2,12.519228
0.0,1,12.520251
0.276316,2,12.522292
0.0,1,12.52329
0.552632,3,12.526277
-0.065789,2,12.528263
0.0,1,12.52925
0.276316,2,12.531208
0.0,1,12.532228
0.0,1,12.533218
0.0,1,12.53423
0.552632,3,12.537246
0.0,1,12.538238
0.0,1,12.539236
0.0,1,12.540255
0.0,1,12.541259
-0.065789,2,12.543219
0.0,1,12.544245
0.0,1,12.545232
-0.065789,2,12.547219
0.0,1,12.548197
0.276316,2,12.550166
0.0,1,12.551158
0.0,1,12.552145
0.0,1,12.55312
0.276316,2,12.55518
0.276316,2,12.557149
0.276316,2,12.559086
0.276316,2,12.561077
0.0,1,12.562122
0.276316,2,12.56407
0.276316,2,12.566119
0.0,1,12.567155
0.0,1,12.568241
0.5,5,12.573078
0.276316,2,12.574977
0.0,1,12.575968
0.276316,2,12.577929
0.0,1,12.578915
0.276316,2,12.580916
-0.065789,2,12.582887
0.276316,2,12.584865
0.0,1,12.585852
0.0,1,12.586784
0.276316,2,12.588753
0.276316,2,12.590748
0.0,1,12.591757
0.0,1,12.592704
0.0,1,12.593707
0.552632,3,12.596678
0.0,1,12.597678
0.276316,2,12.599656
0.0,1,12.600678
-0.065789,2,12.602766
0.631579,3,12.605739
0.0,1,12.606702
-0.065789,2,12.608618
0.0,1,12.60964
0.276316,2,12.611571
0.631579,3,12.614522
0.276316,2,12.616573
0.0,1,12.617582
-0.065789,2,12.619644
-0.065789,2,12.621627
0.0,1,12.622578
0.276316,2,12.624575
0.0,1,12.625575
0.631579,3,12.628535
0.486842,4,12.632441
-0.065789,2,12.63434
0.276316,2,12.636444
0.276316,2,12.638458
0.0,1,12.63942
0.276316,2,12.641386
0.0,1,12.642373
0.0,1,12.643384
-0.065789,2,12.645328
0.0,1,12.646306
0.0,1,12.647245
0.631579,3,12.650177
0.0,1,12.651161
0.0,1,12.652176
0.0,1,12.653183
0.0,1,12.654141
0.276316,2,12.656085
0.0,1,12.657077
0.276316,2,12.658978
0.0,1,12.659966
-0.065789,2,12.661954
0.276316,2,12.663918
0.276316,2,12.665818
0.0,1,12.666765
0.0,1,12.66772
0.276316,2,12.669745
0.0,1,12.670716
0.0,1,12.6717
0.0,1,12.672724
0.565789,4,12.676663
0.276316,2,12.678622
0.0,1,12.679594
0.276316,2,12.68161
-0.065789,2,12.683544
0.0,1,12.684578
-0.065789,2,12.686579
0.0,1,12.687518
0.276316,2,12.68949
0.0,1,12.690445
0.276316,2,12.692352
-0.065789,2,12.694345
0.0,1,12.695332
0.0,1,12.696337
0.276316,2,12.698297
0.0,1,12.699292
-0.065789,2,12.701286
0.552632,3,12.704295
0.276316,2,12.706252
0.0,1,12.70725
0.0,1,12.708241
0.0,1,12.709237
0.0,1,12.710237
0.276316,2,12.7122
0.0,1,12.713157
0.0,1,12.714182
0.0,1,12.715101
0.276316,2,12.717026
0.0,1,12.717982
0.0,1,12.71899
0.552632,3,12.721965
0.0,1,12.722964
0.0,1,12.723917
0.0,1,12.724924
0.0,1,12.725928
0.276316,2,12.727842
0.552632,3,12.731133
0.0,1,12.732101
-0.065789,2,12.7341
0.631579,3,12.736943
0.0,1,12.737951
-0.065789,2,12.739923
0.0,1,12.740901
0.0,1,12.74186
0.0,1,12.742817
0.276316,2,12.744771
0.276316,2,12.746714
-0.065789,2,12.748641
0.0,1,12.749605
0.276316,2,12.751551
0.0,1,12.75253
0.0,1,12.753522
0.0,1,12.754476
0.276316,2,12.756442
-0.065789,2,12.758391
0.0,1,12.759363
0.276316,2,12.761324
0.0,1,12.76231
0.0,1,12.763307
0.0,1,12.764285
0.0,1,12.765275
0.276316,2,12.767388
0.276316,2,12.769507
0.552632,3,12.772625
0.0,1,12.773994
0.552632,3,12.777766
0.0,1,12.778773
0.276316,2,12.781072
0.0,1,12.782102
0.0,1,12.783086
0.0,1,12.784048
0.0,1,12.785137
0.0,1,12.786103
0.631579,3,12.78901
0.0,1,12.789979
0.0,1,12.790982
0.276316,2,12.792895
0.0,1,12.793886
0.0,1,12.794854
0.276316,2,12.796816
0.552632,3,12.799685
0.0,1,12.800697
-0.065789,2,12.802752
0.210526,3,12.805743
0.907895,4,12.809663
0.0,1,12.810685
0.276316,2,12.812672
0.0,1,12.813683
0.0,1,12.814708
0.276316,2,12.816671
0.0,1,12.81766
0.0,1,12.818729
0.276316,2,12.820732
0.276316,2,12.822687
0.0,1,12.823687
0.0,1,12.824675
0.631579,3,12.827694
0.276316,2,12.829672
0.0,1,12.830668
0.552632,3,12.833621
0.631579,3,12.836625
0.0,1,12.837587
0.0,1,12.838578
0.276316,2,12.840588
0.276316,2,12.842544
0.552632,3,12.84554
0.0,1,12.846534
0.0,1,12.847527
0.0,1,12.848506
0.276316,2,12.850495
0.276316,2,12.852583
0.552632,3,12.855516
0.276316,2,12.857497
0.0,1,12.858463
0.0,1,12.859467
0.552632,3,12.862391
0.0,1,12.863393
0.276316,2,12.865321
0.0,1,12.866332
0.0,1,12.867329
0.0,1,12.86837
0.0,1,12.869369
0.0,1,12.87037
0.276316,2,12.872375
0.552632,3,12.875362
0.276316,2,12.877361
0.0,1,12.87834
0.0,1,12.879332
0.0,1,12.880343
0.0,1,12.881366
0.0,1,12.882364
0.0,1,12.883357
0.0,1,12.884356
0.631579,3,12.887344
-0.131579,3,12.890317
0.0,1,12.891332
0.0,1,12.892322
0.276316,2,12.894274
0.0,1,12.895275
0.144737,4,12.899309
0.552632,3,12.902316
0.276316,2,12.904309
-0.065789,2,12.906313
0.0,1,12.907318
0.0,1,12.908308
0.0,1,12.909323
0.210526,3,12.912283
0.276316,2,12.914296
0.552632,3,12.917282
0.0,1,12.918355
0.0,1,12.919358
0.631579,3,12.922384
0.0,1,12.923344
0.276316,2,12.925303
0.552632,3,12.928292
0.0,1,12.929289
0.552632,3,12.932207
0.0,1,12.933204
0.276316,2,12.935241
0.0,1,12.936259
0.0,1,12.937259
0.0,1,12.938252
-0.065789,2,12.940264
0.276316,2,12.94216
0.276316,2,12.944053
0.276316,2,12.946047
0.0,1,12.947054
0.276316,2,12.949055
0.276316,2,12.95104
0.0,1,12.952128
0.0,1,12.953096
0.0,1,12.954018
0.276316,2,12.956021
0.276316,2,12.958052
0.0,1,12.959043
0.631579,3,12.962011
0.0,1,12.96302
0.0,1,12.963974
0.276316,2,12.965917
0.0,1,12.966855
0.0,1,12.967832
0.276316,2,12.969842
0.552632,3,12.972781
0.0,1,12.973744
0.0,1,12.974763
0.552632,3,12.977685
0.631579,3,12.980618
0.0,1,12.981646
-0.065789,2,12.983676
0.0,1,12.984689
0.631579,3,12.98772
0.0,1,12.988744
0.0,1,12.989699
0.0,1,12.990624
0.0,1,12.991632
0.0,1,12.992609
0.0,1,12.993567
-0.065789,2,12.995507
0.0,1,12.996519
0.210526,3,12.999541
0.276316,2,13.001525
0.552632,3,13.004533
0.0,1,13.00553
0.0,1,13.006489
0.276316,2,13.008499
0.0,1,13.009456
0.0,1,13.010447
0.276316,2,13.012412
0.0,1,13.013392
0.0,1,13.014343
0.276316,2,13.016342
0.276316,2,13.018407
0.276316,2,13.02041
0.276316,2,13.022402
0.0,1,13.023412
0.276316,2,13.025412
0.0,1,13.026374
-0.065789,2,13.028377
0.0,1,13.029368
0.276316,2,13.031315
0.0,1,13.03228
0.0,1,13.033273
0.0,1,13.03428
0.276316,2,13.036327
0.0,1,13.037323
0.0,1,13.038314
0.0,1,13.039304
0.552632,3,13.042313
0.0,1,13.043275
0.0,1,13.044301
0.552632,3,13.047201
0.0,1,13.048213
0.552632,3,13.051266
0.276316,2,13.053345
0.0,1,13.054368
0.0,1,13.055422
0.276316,2,13.057466
0.276316,2,13.059446
0.0,1,13.060448
0.0,1,13.061451
0.0,1,13.06243
0.276316,2,13.064403
0.0,1,13.065395
-0.065789,2,13.067384
0.0,1,13.068482
0.0,1,13.069472
0.276316,2,13.071413
0.0,1,13.072407
-0.065789,2,13.074447
0.0,1,13.07543
0.276316,2,13.077421
0.552632,3,13.080395
0.276316,2,13.082353
0.0,1,13.083328
0.631579,3,13.086413
0.0,1,13.087394
0.631579,3,13.090361
0.0,1,13.091344
0.276316,2,13.094321
0.210526,3,13.098354
0.0,1,13.099633
0.0,1,13.100904
0.0,1,13.102206
0.0,1,13.103521
0.0,1,13.104846
0.0,1,13.105831
0.0,1,13.106816
0.0,1,13.107764
0.0,1,13.108747
0.276316,2,13.11073
0.276316,2,13.112689
0.276316,2,13.114656
0.0,1,13.115635
0.0,1,13.116598
0.0,1,13.117581
0.0,1,13.118517
-0.065789,2,13.120469
0.276316,2,13.122405
0.276316,2,13.124378
0.0,1,13.125364
0.0,1,13.126345
0.276316,2,13.12832
0.0,1,13.129313
0.0,1,13.13031
0.0,1,13.131299
0.0,1,13.132302
0.276316,2,13.134333
0.631579,3,13.137275
0.0,1,13.138272
0.276316,2,13.140312
0.0,1,13.141334
0.0,1,13.142288
0.552632,3,13.145218
0.276316,2,13.147186
0.0,1,13.148201
0.552632,3,13.151181
0.0,1,13.152189
-0.065789,2,13.154146
0.0,1,13.155149
0.552632,3,13.158159
0.0,1,13.159176
0.0,1,13.160177
0.0,1,13.161195
-0.065789,2,13.163106
0.0,1,13.164142
0.552632,3,13.167043
0.276316,2,13.169074
0.0,1,13.170093
0.552632,3,13.173009
0.552632,3,13.175932
0.552632,3,13.178813
0.0,1,13.179731
0.0,1,13.180749
0.631579,3,13.183624
0.0,1,13.184605
0.0,1,13.185623
0.276316,2,13.187614
0.552632,3,13.190667
0.0,1,13.191584
0.276316,2,13.193557
0.0,1,13.194586
0.276316,2,13.196649
0.276316,2,13.198614
0.0,1,13.199642
0.276316,2,13.201621
-0.065789,2,13.203725
0.0,1,13.204771
0.0,1,13.205716
0.276316,2,13.207674
0.276316,2,13.20973
0.552632,3,13.212757
0.0,1,13.213777
0.276316,2,13.215753
0.0,1,13.216774
0.0,1,13.21779
0.0,1,13.218768
-0.065789,2,13.220806
0.276316,2,13.222761
0.0,1,13.223749
-0.065789,2,13.225697
0.0,1,13.226687
0.0,1,13.227708
0.210526,3,13.230701
0.0,1,13.231734
0.0,1,13.232703
0.276316,2,13.234716
0.0,1,13.235717
-0.065789,2,13.237654
-0.065789,2,13.239598
0.276316,2,13.241613
0.0,1,13.242599
0.0,1,13.243586
0.0,1,13.244557
-0.065789,2,13.246572
0.276316,2,13.248515
0.0,1,13.249519
0.0,1,13.250475
0.276316,2,13.252422
0.0,1,13.253419
0.0,1,13.254432
0.0,1,13.255397
0.0,1,13.256394
-0.065789,2,13.25836
0.276316,2,13.260356
0.552632,3,13.263324
0.276316,2,13.265268
-0.065789,2,13.272346
0.0,1,13.273405
-0.065789,2,13.275772
0.0,1,13.278332
0.0,1,13.279992
0.0,1,13.281573
0.0,1,13.282925
0.552632,3,13.287814
-0.065789,2,13.290257
0.0,1,13.291286
0.0,1,13.292319
0.276316,2,13.29438
0.0,1,13.295414
-0.065789,2,13.297445
0.0,1,13.298452
0.276316,2,13.300474
0.0,1,13.30147
-0.065789,2,13.303645
0.486842,4,13.307768
0.552632,3,13.310769
0.0,1,13.311777
0.0,1,13.312804
0.0,1,13.313813
0.552632,3,13.31685
0.0,1,13.31786
0.0,1,13.318858
0.210526,3,13.321931
0.276316,2,13.323933
0.0,1,13.324944
0.0,1,13.325883
0.0,1,13.326881
0.0,1,13.32788
0.631579,3,13.330821
0.0,1,13.331801
0.0,1,13.33277
0.0,1,13.333757
0.0,1,13.334728
0.276316,2,13.336712
-0.065789,2,13.338785
0.0,1,13.339802
0.0,1,13.340785
-0.065789,2,13.342797
0.0,1,13.343783
0.0,1,13.344761
0.552632,3,13.34769
0.631579,3,13.350524
0.0,1,13.351483
0.0,1,13.352439
0.0,1,13.3534
0.0,1,13.354361
0.552632,3,13.357185
-0.197368,4,13.361004
-0.065789,2,13.362932
0.0,1,13.363876
0.276316,2,13.365846
0.552632,3,13.368775
0.0,1,13.369705
0.276316,2,13.371634
0.276316,2,13.373621
0.0,1,13.374576
0.631579,3,13.377482
0.0,1,13.378477
0.0,1,13.379438
0.0,1,13.380412
0.0,1,13.381385
0.0,1,13.382389
0.276316,2,13.384344
0.0,1,13.385348
0.276316,2,13.387252
0.0,1,13.38826
0.276316,2,13.390194
0.0,1,13.391179
0.0,1,13.392177
0.276316,2,13.394032
0.276316,2,13.395955
0.0,1,13.396892
0.0,1,13.397814
0.276316,2,13.399726
0.552632,3,13.402721
0.631579,3,13.405658
0.565789,4,13.409549
0.0,1,13.410513
0.276316,2,13.412483
0.276316,2,13.414454
0.276316,2,13.416511
0.631579,3,13.419566
0.0,1,13.420566
0.276316,2,13.422441
0.0,1,13.42342
0.0,1,13.42446
0.0,1,13.425426
0.0,1,13.426397
0.0,1,13.427419
0.0,1,13.428433
0.0,1,13.429425
0.0,1,13.430416
0.0,1,13.431412
0.276316,2,13.433371
0.0,1,13.434364
0.0,1,13.435359
0.0,1,13.436382
0.276316,2,13.438321
0.276316,2,13.440241
0.0,1,13.44124
0.0,1,13.442214
0.276316,2,13.444127
0.0,1,13.445085
0.0,1,13.446119
0.552632,3,13.449042
0.0,1,13.450039
-0.065789,2,13.451962
0.631579,3,13.455025
0.0,1,13.455979
0.0,1,13.457002
0.552632,3,13.460135
0.0,1,13.461145
0.552632,3,13.464224
0.276316,2,13.466199
0.276316,2,13.468215
0.276316,2,13.470206
-0.131579,3,13.473176
-0.065789,2,13.475203
0.0,1,13.476252
0.552632,3,13.479248
0.276316,2,13.481198
0.0,1,13.482198
0.565789,4,13.486209
0.0,1,13.487249
0.276316,2,13.489191
0.552632,3,13.492114
0.0,1,13.493121
0.0,1,13.494087
0.0,1,13.495082
0.276316,2,13.497026
0.276316,2,13.499041
0.0,1,13.500069
0.210526,3,13.503067
0.552632,3,13.506104
0.0,1,13.507067
0.0,1,13.508019
0.0,1,13.509028
0.276316,2,13.511037
0.0,1,13.512055
0.210526,3,13.515045
0.0,1,13.516076
-0.131579,3,13.519017
0.0,1,13.519973
0.210526,3,13.522949
0.276316,2,13.524936
0.0,1,13.525957
0.631579,3,13.528988
0.552632,3,13.531901
0.0,1,13.532932
0.421053,5,13.537864
0.276316,2,13.539776
0.276316,2,13.541803
0.0,1,13.54282
0.0,1,13.543827
0.552632,3,13.546785
0.631579,3,13.549819
0.0,1,13.550871
0.0,1,13.551907
0.552632,3,13.55493
0.276316,2,13.556978
0.276316,2,13.558975
0.0,1,13.559999
0.0,1,13.561018
0.0,1,13.561993
0.552632,3,13.564891
0.0,1,13.565847
0.0,1,13.566858
0.0,1,13.567816
0.552632,3,13.570756
0.276316,2,13.572736
0.552632,3,13.575665
0.0,1,13.576702
0.0,1,13.57772
0.631579,3,13.580671
0.276316,2,13.58265
0.0,1,13.583663
0.0,1,13.584673
0.0,1,13.58566
0.0,1,13.586666
0.631579,3,13.589581
0.0,1,13.590658
0.0,1,13.591677
0.276316,2,13.593675
0.0,1,13.594692
0.0,1,13.595695
0.631579,3,13.598837
0.276316,2,13.600782
-0.065789,2,13.602724
0.631579,3,13.605649
0.276316,2,13.607624
0.276316,2,13.609655
0.552632,3,13.612607
0.552632,3,13.615721
0.552632,3,13.618762
0.0,1,13.619756
0.0,1,13.620752
0.276316,2,21.446211
0.552632,3,21.449526
0.631579,3,21.452827
0.0,1,21.453973
0.0,1,21.455036
0.552632,3,21.458234
0.0,1,21.459365
0.552632,3,21.464051
0.828947,4,21.470637
0.631579,3,21.473979
0.276316,2,21.476071
0.276316,2,21.478283
0.0,1,21.479256
0.552632,3,21.482623
0.0,1,21.483627
0.565789,4,21.487722
0.276316,2,21.489865
0.552632,3,21.493211
0.0,1,21.494276
0.552632,3,21.497533
0.276316,2,21.499691
0.0,1,21.50071
-0.065789,2,21.502919
0.0,1,21.503865
0.276316,2,21.506094
0.0,1,21.507176
-0.065789,2,21.509315
0.0,1,21.510418
0.552632,3,21.514368
-0.065789,2,21.517346
0.276316,2,21.520036
0.276316,2,21.523205
0.276316,2,21.527007
0.276316,2,21.530489
0.0,1,21.532246
0.552632,3,21.535378
0.631579,3,21.53849
0.842105,5,21.544133
0.0,1,21.54519
0.0,1,21.546179
0.0,1,21.547276
0.631579,3,21.550697
0.631579,3,21.553638
0.631579,3,21.556815
0.552632,3,21.559979
0.276316,2,21.562154
0.0,1,21.563216
0.0,1,21.564132
0.0,1,21.565192
-0.065789,2,21.567206
0.486842,4,21.571309
0.0,1,21.572373
-0.065789,2,21.574515
0.276316,2,21.57668
0.631579,3,21.579803
-0.065789,2,21.581927
0.210526,3,21.584882
0.0,1,21.585927
0.276316,2,21.587852
0.0,1,21.58884
0.0,1,21.589888
0.0,1,21.59081
0.631579,3,21.593722
0.552632,3,21.59666
0.276316,2,21.59861
0.631579,3,21.601622
0.0,1,21.602625
0.276316,2,21.604613
0.0,1,21.605595
0.552632,3,21.608591
0.631579,3,21.611554
0.0,1,21.61257
0.276316,2,21.614533
0.828947,4,21.618437
0.552632,3,21.62138
0.552632,3,21.624362
0.0,1,21.625368
0.0,1,21.626418
0.486842,4,21.630396
0.276316,2,21.632338
0.907895,4,21.636298
0.0,1,21.637305
0.631579,3,21.640236
0.0,1,21.641232
0.0,1,21.642207
-0.131579,3,21.645191
0.0,1,21.646171
0.276316,2,21.648122
0.631579,3,21.651031
0.0,1,21.652046
0.276316,2,21.654004
0.276316,2,21.655962
0.276316,2,21.657955
0.0,1,21.658949
0.0,1,21.659954
0.0,1,21.660968
-0.065789,2,21.662924
0.0,1,21.663944
0.276316,2,21.665925
0.552632,3,21.668843
0.631579,3,21.671833
0.0,1,21.672841
0.631579,3,21.675828
0.276316,2,21.677802
0.276316,2,21.679719
0.631579,3,21.682738
0.0,1,21.68374
0.0,1,21.684733
0.276316,2,21.686704
0.552632,3,21.689652
-0.065789,2,21.691569
0.828947,4,21.695436
0.0,1,21.696457
0.552632,3,21.699386
0.0,1,21.700393
0.210526,3,21.703379
0.552632,3,21.706424
0.631579,3,21.709303
0.0,1,21.7103
0.631579,3,21.713243
0.276316,2,21.715208
0.552632,3,21.718184
0.0,1,21.719162
0.276316,2,21.721155
0.0,1,21.72216
0.276316,2,21.724125
0.276316,2,21.726147
0.631579,3,21.729125
0.276316,2,21.731128
0.552632,3,21.734016
0.276316,2,21.736016
0.565789,4,21.739945
0.0,1,21.740974
0.552632,3,21.743909
-0.065789,2,21.745901
0.276316,2,21.747886
0.552632,3,21.752807
0.276316,2,21.755346
0.276316,2,21.757967
0.552632,3,21.761498
0.276316,2,21.76349
0.0,1,21.764475
0.0,1,21.765479
-0.065789,2,21.76742
0.552632,3,21.770331
0.0,1,21.771266
0.631579,3,21.774237
0.0,1,21.775221
0.0,1,21.776155
0.552632,3,21.779046
0.276316,2,21.780949
0.0,1,21.781932
0.631579,3,21.784916
0.552632,3,21.787974
0.631579,3,21.790987
0.0,1,21.791991
0.0,1,21.792933
0.552632,3,21.795973
0.0,1,21.796977
-0.065789,2,21.798991
0.276316,2,21.800954
0.276316,2,21.802984
0.0,1,21.804035
0.0,1,21.805018
0.276316,2,21.807068
0.0,1,21.808061
0.552632,3,21.811056
0.0,1,21.812017
0.276316,2,21.814077
0.552632,3,21.817053
0.276316,2,21.819049
0.0,1,21.820032
0.210526,3,21.823042
0.0,1,21.82405
0.828947,4,21.828026
0.631579,3,21.831058
0.276316,2,21.833081
0.0,1,21.834067
0.276316,2,21.836009
-0.065789,2,21.838024
0.0,1,21.839009
0.552632,3,21.842038
0.0,1,21.843091
0.0,1,21.844109
0.0,1,21.845152
0.0,1,21.846165
0.0,1,21.847202
0.0,1,21.84818
0.210526,3,21.851218
0.276316,2,21.853177
0.276316,2,21.855165
0.631579,3,21.858143
0.0,1,21.859151
0.0,1,21.860154
0.0,1,21.861158
0.552632,3,21.86413
0.0,1,21.865143
0.631579,3,21.868074
0.631579,3,21.871036
0.0,1,21.872014
0.276316,2,21.873887
0.210526,3,21.876862
0.276316,2,21.878792
0.631579,3,21.881733
0.0,1,21.882699
0.210526,3,21.885624
0.276316,2,21.887512
0.0,1,21.888525
0.552632,3,21.891583
0.276316,2,21.89373
0.0,1,21.894759
0.0,1,21.895797
0.0,1,21.896797
0.552632,3,21.899771
0.0,1,21.900877
0.631579,3,21.903819
0.0,1,21.904783
0.552632,3,21.907679
0.276316,2,21.90971
0.552632,3,21.912808
0.0,1,21.913786
0.276316,2,21.915794
0.552632,3,21.918745
0.0,1,21.919709
0.276316,2,21.921731
0.0,1,21.922718
0.552632,3,21.925683
0.552632,3,21.928708
0.631579,3,21.931602
0.0,1,21.932606
0.0,1,21.933591
-0.065789,2,21.935519
0.210526,3,21.938418
0.0,1,21.939447
0.276316,2,21.941453
0.0,1,21.942485
0.0,1,21.943464
0.552632,3,21.946426
0.907895,4,21.950385
0.0,1,21.951352
0.631579,3,21.954331
0.0,1,21.955317
0.631579,3,21.958306
0.552632,3,21.961299
0.631579,3,21.964425
0.0,1,21.965458
0.552632,3,21.96855
0.552632,3,21.971627
0.552632,3,21.974799
0.631579,3,21.977764
0.276316,2,21.979765
0.552632,3,21.982658
0.0,1,21.983634
0.0,1,21.984607
0.552632,3,21.987544
0.552632,3,21.990486
-0.065789,2,21.992476
0.0,1,21.99348
0.552632,3,21.996352
0.0,1,21.997308
-0.065789,2,21.999357
0.276316,2,22.001307
0.631579,3,22.004268
0.0,1,22.00531
0.276316,2,22.00725
0.276316,2,22.00926
0.0,1,22.010305
0.276316,2,22.012258
0.276316,2,22.014215
0.0,1,22.015194
0.0,1,22.016251
0.631579,3,22.01922
0.0,1,22.020205
0.210526,3,22.023176
0.0,1,22.024202
0.0,1,22.025192
0.552632,3,22.028199
0.0,1,22.029184
0.276316,2,22.03118
0.631579,3,22.034141
0.552632,3,22.037115
0.0,1,22.038101
0.552632,3,22.040971
0.631579,3,22.043887
0.0,1,22.044872
0.276316,2,22.046867
0.552632,3,22.049819
0.0,1,22.050786
0.0,1,22.051756
0.0,1,22.052762
0.0,1,22.053702
0.276316,2,22.055643
0.0,1,22.056651
0.631579,3,22.059777
0.631579,3,22.062739
0.276316,2,22.064698
0.552632,3,22.067724
0.631579,3,22.070659
0.0,1,22.071606
0.0,1,22.072646
0.0,1,22.073617
0.631579,3,22.076577
0.0,1,22.077629
-0.131579,3,22.080606
0.552632,3,22.083619
0.0,1,22.084675
0.276316,2,22.086689
0.0,1,22.087645
0.0,1,22.08864
0.276316,2,22.090616
0.631579,3,22.093537
0.0,1,22.094582
0.276316,2,22.096532
0.276316,2,22.098531
0.552632,3,22.10154
0.0,1,22.10252
0.0,1,22.103533
0.0,1,22.104467
0.0,1,22.105461
0.0,1,22.106514
0.276316,2,22.108497
0.631579,3,22.111527
0.276316,2,22.113553
0.0,1,22.114525
0.486842,4,22.118587
0.631579,3,22.121587
0.486842,4,22.125622
0.276316,2,22.127642
0.276316,2,22.129647
0.0,1,22.130648
0.552632,3,22.133675
0.0,1,22.134668
0.552632,3,22.137664
0.631579,3,22.140625
0.0,1,22.141556
0.631579,3,22.144587
0.631579,3,22.147565
0.631579,3,22.150547
0.631579,3,22.1536
0.631579,3,22.156631
0.0,1,22.157567
0.0,1,22.158503
0.907895,4,22.16253
0.486842,4,22.166528
0.276316,2,22.168519
0.0,1,22.169508
0.552632,3,22.172522
0.565789,4,22.176571
0.631579,3,22.179605
0.486842,4,22.183557
0.552632,3,22.186508
0.631579,3,22.189566
0.631579,3,22.192551
0.0,1,22.19359
0.552632,3,22.196557
0.0,1,22.197548
0.276316,2,22.199526
0.907895,4,22.203529
0.552632,3,22.20663
0.276316,2,22.208616
0.552632,3,22.211643
0.0,1,22.212619
0.552632,3,22.215561
0.276316,2,22.217575
0.552632,3,22.220549
0.0,1,22.221626
0.0,1,22.222634
0.276316,2,22.22463
0.0,1,22.225674
0.276316,2,22.227676
0.0,1,22.22864
0.276316,2,22.230622
0.0,1,22.231587
0.276316,2,22.233576
0.276316,2,22.23548
0.0,1,22.236485
0.276316,2,22.238513
0.276316,2,22.240497
0.631579,3,22.243465
0.0,1,22.244407
0.0,1,22.245386
0.276316,2,22.247394
0.276316,2,22.249388
0.0,1,22.250384
0.552632,3,22.253305
0.552632,3,22.256325
0.0,1,22.257274
0.276316,2,22.259325
0.0,1,22.260308
0.552632,3,22.263297
0.276316,2,22.265284
0.552632,3,22.268467
0.552632,3,22.272989
0.276316,2,22.275738
0.0,1,22.277065
0.631579,3,22.280606
0.0,1,22.28166
0.552632,3,22.284591
0.0,1,22.285607
0.0,1,22.286654
0.276316,2,22.288663
0.552632,3,22.291635
0.0,1,22.292656
0.552632,3,22.295697
0.276316,2,22.297702
0.552632,3,22.300739
0.276316,2,22.302881
0.0,1,22.303874
0.0,1,22.304939
-0.065789,2,22.306917
0.552632,3,22.309947
-0.065789,2,22.313211
0.0,1,22.314881
0.276316,2,22.31773
-0.065789,2,22.31965
0.276316,2,22.321613
0.552632,3,22.324572
0.0,1,22.325583
0.0,1,22.326656
0.552632,3,22.329593
0.276316,2,22.3316
0.552632,3,22.334543
0.0,1,22.335535
-0.065789,2,22.337503
0.276316,2,22.339514
0.276316,2,22.341445
0.631579,3,22.344498
-0.065789,2,22.346523
0.0,1,22.347514
0.552632,3,22.350483
0.0,1,22.351481
0.0,1,22.35248
0.0,1,22.353489
0.276316,2,22.355463
0.276316,2,22.357427
0.0,1,22.358432
0.552632,3,22.361382
-0.065789,2,22.363368
0.0,1,22.364382
0.0,1,22.36535
0.631579,3,22.368313
0.631579,3,22.371353
0.0,1,22.372356
0.0,1,22.378583
0.486842,4,22.382942
0.552632,3,22.386374
0.276316,2,22.388377
0.0,1,22.389437
0.0,1,22.390456
0.552632,3,22.39381
0.0,1,22.394862
0.631579,3,22.397997
0.0,1,22.398975
0.276316,2,22.400987
0.631579,3,22.403971
0.631579,3,22.406975
0.0,1,22.407962
0.276316,2,22.409976
0.552632,3,22.412946
0.552632,3,22.415824
0.276316,2,22.417812
0.552632,3,22.420804
0.0,1,22.42179
0.276316,2,22.423791
0.276316,2,22.425817
0.631579,3,22.42886
-0.065789,2,22.430876
0.0,1,22.431925
0.552632,3,22.434979
-0.065789,2,22.43695
0.210526,3,22.439896
0.0,1,22.440901
0.276316,2,22.442913
0.0,1,22.443963
0.0,1,22.444987
-0.065789,2,22.446974
0.0,1,22.44797
0.0,1,22.448998
0.144737,4,22.452996
0.631579,3,22.456021
0.0,1,22.457064
0.552632,3,22.460135
0.552632,3,22.463039
0.552632,3,22.466029
0.631579,3,22.469037
0.631579,3,22.471941
0.276316,2,22.473915
0.276316,2,22.475874
0.276316,2,22.47783
0.486842,4,22.481787
0.0,1,22.482808
0.631579,3,22.485818
0.631579,3,22.488804
0.0,1,22.4898
0.276316,2,22.491778
0.631579,3,22.494877
0.276316,2,22.496895
0.0,1,22.497814
0.552632,3,22.500789
0.631579,3,22.503679
0.0,1,22.505246
0.0,1,22.50697
0.276316,2,22.510326
0.0,1,22.512058
0.0,1,22.513197
0.552632,3,22.516199
0.0,1,22.517213
0.0,1,22.518208
0.631579,3,22.521213
0.552632,3,22.524253
0.0,1,22.525246
0.0,1,22.526257
0.631579,3,22.53033
0.0,1,22.532053
0.552632,3,22.536762
0.0,1,22.537756
0.0,1,22.538735
0.0,1,22.539747
0.0,1,22.54073
0.276316,2,22.542568
0.552632,3,22.545638
0.631579,3,22.548579
0.0,1,22.549552
0.0,1,22.550568
0.631579,3,22.553544
0.0,1,22.554513
0.276316,2,22.556507
0.276316,2,22.558474
0.631579,3,22.561346
0.0,1,22.562347
0.276316,2,22.564264
0.0,1,22.565267
-0.065789,2,22.567249
0.276316,2,22.569265
0.552632,3,22.572271
0.552632,3,22.575146
0.0,1,22.576177
0.210526,3,22.579118
0.552632,3,22.582049
0.0,1,22.58301
0.276316,2,22.58497
0.631579,3,22.587893
0.0,1,22.588875
0.276316,2,22.590834
0.552632,3,22.593809
0.0,1,22.59475
0.0,1,22.59572
0.552632,3,22.598897
0.907895,4,22.602866
0.631579,3,22.605708
0.0,1,22.606673
0.0,1,22.607613
0.276316,2,22.60964
0.210526,3,22.612563
0.0,1,22.613581
0.552632,3,22.61647
0.552632,3,22.619371
0.565789,4,22.623278
0.907895,4,22.627358
0.0,1,22.628341
0.552632,3,22.63124
0.0,1,22.632217
0.276316,2,22.634139
0.276316,2,22.636072
0.276316,2,22.638045
0.0,1,22.639049
0.0,1,22.640041
0.0,1,22.641
0.276316,2,22.643034
0.0,1,22.644053
0.552632,3,22.64699
0.552632,3,22.649945
0.0,1,22.65091
0.0,1,22.651897
0.631579,3,22.654765
0.0,1,22.655746
0.276316,2,22.657768
0.0,1,22.65874
0.0,1,22.659832
0.631579,3,22.6627
0.552632,3,22.665657
0.631579,3,22.66865
0.276316,2,22.670627
0.210526,3,22.673546
0.552632,3,22.676566
0.552632,3,22.679481
0.631579,3,22.682407
0.0,1,22.683404
0.276316,2,22.685332
0.631579,3,22.688241
0.0,1,22.68919
-0.065789,2,22.691154
0.276316,2,22.693156
0.0,1,22.694122
0.631579,3,22.697041
0.0,1,22.69802
0.276316,2,22.699945
0.276316,2,22.701808
0.552632,3,22.704713
0.0,1,22.705701
0.0,1,22.706693
0.552632,3,22.709707
0.552632,3,22.712587
0.552632,3,22.715513
0.0,1,22.716512
0.0,1,22.717516
0.276316,2,22.719461
0.276316,2,22.721418
0.0,1,22.722416
0.0,1,22.72338
0.276316,2,22.725348
0.552632,3,22.728357
0.631579,3,22.731253
0.552632,3,22.734141
0.552632,3,22.737081
0.276316,2,22.739082
0.631579,3,22.741988
0.276316,2,22.744015
0.0,1,22.745026
0.631579,3,22.747996
0.276316,2,22.749957
0.276316,2,22.751933
0.210526,3,22.754871
0.0,1,22.755838
0.907895,4,22.759787
0.0,1,22.76079
0.552632,3,22.763716
0.276316,2,22.765666
0.631579,3,22.768637
0.552632,3,22.77158
0.276316,2,22.773626
0.0,1,22.774624
0.276316,2,22.776697
0.276316,2,22.778651
0.631579,3,22.781577
0.276316,2,22.783541
0.276316,2,22.785524
0.631579,3,22.78842
0.0,1,22.789419
0.631579,3,22.792349
0.276316,2,22.794343
0.0,1,22.79534
0.907895,4,22.799196
0.0,1,22.800166
0.907895,4,22.804127
0.0,1,22.80509
0.552632,3,22.808022
0.276316,2,22.810018
0.631579,3,22.812877
0.0,1,22.813845
0.0,1,22.814821
0.276316,2,22.81671
0.828947,4,22.820623
0.210526,3,22.82356
0.276316,2,22.825531
0.276316,2,22.827631
0.828947,4,22.83159
0.0,1,22.832608
0.276316,2,22.834561
0.0,1,22.835573
0.631579,3,22.838528
0.276316,2,22.840496
0.631579,3,22.843497
0.0,1,22.844455
0.552632,3,22.847446
0.276316,2,22.84938
0.0,1,22.850388
0.276316,2,22.852393
0.0,1,22.8534
0.276316,2,22.855323
0.276316,2,22.857265
0.276316,2,22.859169
0.552632,3,22.862116
0.0,1,22.863134
0.552632,3,22.866125
0.0,1,22.867085
0.276316,2,22.869052
0.0,1,22.87005
0.0,1,22.871069
0.631579,3,22.874044
0.552632,3,22.877058
0.631579,3,22.880005
0.631579,3,22.882991
0.0,1,22.883983
0.0,1,22.884991
0.0,1,22.885972
0.0,1,22.887009
0.276316,2,22.888988
0.0,1,22.889988
0.486842,4,22.893889
0.631579,3,22.896827
0.0,1,22.897826
0.552632,3,22.900727
0.0,1,22.901687
0.552632,3,22.904592
0.276316,2,22.906523
0.0,1,22.907539
0.552632,3,22.910434
0.631579,3,22.913362
0.907895,4,22.917254
0.631579,3,22.920182
0.631579,3,22.923059
0.552632,3,22.925923
0.552632,3,22.928984
0.0,1,22.92992
0.0,1,22.93088
0.552632,3,22.933723
0.144737,4,22.937597
0.0,1,22.938583
0.276316,2,22.940561
0.0,1,22.941573
0.276316,2,22.943643
0.631579,3,22.946527
0.552632,3,22.949439
-0.065789,2,22.951358
0.0,1,22.952336
0.0,1,22.953291
0.0,1,22.954242
0.631579,3,22.957127
0.552632,3,22.960119
0.0,1,22.961167
-0.065789,2,22.963187
0.276316,2,22.96516
0.0,1,22.966166
0.0,1,22.967151
0.565789,4,22.971064
0.0,1,22.972056
0.552632,3,22.974958
0.0,1,22.975916
0.276316,2,22.977896
0.276316,2,22.979854
-0.065789,2,22.981786
0.276316,2,22.983696
0.0,1,22.984699
-0.065789,2,22.986655
0.276316,2,22.988632
0.0,1,22.989586
0.631579,3,22.992503
0.631579,3,22.995512
0.552632,3,22.998469
0.631579,3,23.001388
0.631579,3,23.004314
0.0,1,23.00527
0.276316,2,23.007225
0.276316,2,23.009178
0.552632,3,23.012099
-0.065789,2,23.014007
0.276316,2,23.01596
0.0,1,23.016953
0.631579,3,23.019857
0.0,1,23.020843
0.0,1,23.021814
0.0,1,23.02275
0.276316,2,23.024694
0.565789,4,23.028749
0.631579,3,23.0315
0.763158,5,23.036406
0.276316,2,23.038322
0.276316,2,23.04028
0.276316,2,23.042212
0.0,1,23.043288
-0.065789,2,23.045236
0.0,1,23.046243
0.828947,4,23.050132
0.631579,3,23.053101
0.0,1,23.054061
-0.065789,2,23.055942
0.0,1,23.056862
-0.131579,3,23.05981
0.0,1,23.060811
0.552632,3,23.063734
0.631579,3,23.066712
0.0,1,23.067683
0.552632,3,23.070619
0.0,1,23.071635
0.631579,3,23.074583
0.276316,2,23.076612
0.276316,2,23.078576
0.552632,3,23.081557
0.276316,2,23.083566
0.0,1,23.084548
0.631579,3,23.087457
0.0,1,23.088454
-0.065789,2,23.090438
0.0,1,23.091448
0.276316,2,23.093513
0.552632,3,23.096422
0.552632,3,23.09935
0.0,1,23.100374
0.486842,4,23.104236
0.0,1,23.105256
0.552632,3,23.108162
0.276316,2,23.110121
0.552632,3,23.113071
0.276316,2,23.115011
0.828947,4,23.118815
0.552632,3,23.121792
0.276316,2,23.123655
0.276316,2,23.125598
0.0,1,23.126668
0.631579,3,23.129626
0.0,1,23.130639
0.0,1,23.131627
-0.065789,2,23.133561
0.0,1,23.134537
0.276316,2,23.136416
0.552632,3,23.139331
0.276316,2,23.141313
0.0,1,23.142306
0.0,1,23.143345
0.631579,3,23.146285
0.552632,3,23.149243
0.552632,3,23.152123
0.0,1,23.153107
0.552632,3,23.156117
0.276316,2,23.158049
0.0,1,23.159058
0.0,1,23.160111
0.276316,2,23.162046
0.0,1,23.163019
0.276316,2,23.16501
0.565789,4,23.168952
0.631579,3,23.171998
0.276316,2,23.173947
0.631579,3,23.17698
0.0,1,23.178019
0.276316,2,23.179981
0.0,1,23.180995
0.0,1,23.181989
0.0,1,23.182983
0.0,1,23.183939
0.0,1,23.184915
0.631579,3,23.187924
-0.065789,2,23.189903
0.0,1,23.190887
0.486842,4,23.194853
0.276316,2,23.196855
-0.065789,2,23.198894
0.631579,3,23.201819
0.276316,2,23.203766
0.276316,2,23.20564
0.0,1,23.206658
0.631579,3,23.209601
-0.065789,2,23.211622
0.631579,3,23.214473
0.0,1,23.215435
0.0,1,23.216434
0.276316,2,23.218399
0.0,1,23.219397
0.631579,3,23.222397
0.276316,2,23.224306
0.276316,2,23.226247
0.276316,2,23.228274
0.631579,3,23.231163
0.0,1,23.232131
0.631579,3,23.235105
0.276316,2,23.237024
0.0,1,23.238069
0.276316,2,23.240009
0.0,1,23.24102
0.828947,4,23.244929
0.0,1,23.245953
0.0,1,23.246909
0.276316,2,23.248923
0.552632,3,23.251845
0.0,1,23.25283
0.276316,2,23.254871
0.0,1,23.255782
0.0,1,23.256775
0.631579,3,23.259739
0.0,1,23.260716
0.276316,2,23.26272
0.210526,3,23.265687
0.828947,4,23.269611
0.0,1,23.27061
0.0,1,23.271579
0.631579,3,23.274547
0.828947,4,23.278623
-0.065789,2,23.280622
0.0,1,23.281621
0.552632,3,23.284529
0.0,1,23.285544
-0.065789,2,23.287455
0.276316,2,23.289461
0.631579,3,23.292415
0.0,1,23.293468
0.0,1,23.294416
0.631579,3,23.297351
0.552632,3,23.300324
0.552632,3,23.303271
-0.065789,2,23.305238
0.552632,3,23.308176
0.907895,4,23.312215
0.0,1,23.313115
0.210526,3,23.315928
0.276316,2,23.317853
-0.065789,2,23.319794
0.552632,3,23.322624
0.276316,2,23.324643
0.0,1,23.325609
0.276316,2,23.327699
0.276316,2,23.329657
0.276316,2,23.331598
0.276316,2,23.333493
0.631579,3,23.336433
0.552632,3,23.33941
0.276316,2,23.341435
0.552632,3,23.344476
0.631579,3,23.347433
0.0,1,23.348447
-0.065789,2,23.350395
0.631579,3,23.353334
0.552632,3,23.356258
0.276316,2,23.358293
0.828947,4,23.362309
0.552632,3,23.365285
0.631579,3,23.368249
0.552632,3,23.371103
0.0,1,23.372084
0.0,1,23.373096
0.552632,3,23.375951
0.0,1,23.377035
0.0,1,23.378015
0.486842,4,23.382027
0.631579,3,23.384996
0.276316,2,23.386926
0.552632,3,23.389905
0.0,1,23.390882
0.0,1,23.391824
0.276316,2,23.393897
0.0,1,23.394819
0.0,1,23.395831
0.276316,2,23.397777
0.276316,2,23.399755
0.276316,2,23.401782
0.0,1,23.402759
0.552632,3,23.405672
0.276316,2,23.407599
0.0,1,23.408568
0.486842,4,23.412578
0.276316,2,23.414515
0.276316,2,23.416411
0.552632,3,23.419369
0.276316,2,23.421371
0.0,1,23.422385
0.552632,3,23.425401
0.0,1,23.426378
0.276316,2,23.428477
0.552632,3,23.431444
0.0,1,23.432455
0.552632,3,23.435367
0.552632,3,23.438329
-0.065789,2,23.440263
0.552632,3,23.443259
-0.065789,2,23.445283
0.565789,4,23.449299
0.631579,3,23.452235
0.631579,3,23.455175
0.0,1,23.456173
0.276316,2,23.458139
0.631579,3,23.46108
0.0,1,23.462037
0.631579,3,23.464947
0.552632,3,23.46787
0.276316,2,23.469793
0.0,1,23.470798
0.276316,2,23.472787
0.552632,3,23.475769
0.907895,4,23.479719
0.0,1,23.48074
0.631579,3,23.483735
0.552632,3,23.486697
0.631579,3,23.489688
0.0,1,23.490665
0.631579,3,23.493664
0.552632,3,23.496639
0.631579,3,23.499587
0.552632,3,23.502545
0.0,1,23.503489
0.0,1,23.504479
0.0,1,23.505482
0.631579,3,23.508347
0.276316,2,23.510421
0.276316,2,23.512462
0.0,1,23.513508
0.0,1,31.220587
0.0,1,31.223127
0.631579,3,31.228173
0.565789,4,31.234149
0.552632,3,31.237924
0.631579,3,31.241965
0.631579,3,31.246221
0.631579,3,31.250278
0.631579,3,31.254564
0.631579,3,31.259117
0.0,1,31.260538
0.631579,3,31.264877
0.631579,3,31.268852
0.276316,2,31.270866
0.0,1,31.271934
0.631579,3,31.275393
0.276316,2,31.277772
0.552632,3,31.282334
0.552632,3,31.286499
0.276316,2,31.289276
0.552632,3,31.293438
0.0,1,31.294832
0.276316,2,31.298716
0.631579,3,31.30299
0.552632,3,31.30718
0.552632,3,31.311022
0.631579,3,31.315145
0.631579,3,31.318806
0.0,1,31.319879
0.631579,3,31.323916
0.276316,2,31.327554
0.552632,3,31.331007
0.842105,5,31.335987
0.631579,3,31.339108
0.0,1,31.340339
0.276316,2,31.343604
0.0,1,31.345353
0.276316,2,31.348478
0.631579,3,31.352658
0.631579,3,31.356802
0.631579,3,31.361167
0.631579,3,31.366061
0.631579,3,31.377812
0.276316,2,31.380932
0.552632,3,31.384258
0.552632,3,31.387457
0.276316,2,31.38945
0.0,1,31.390809
0.276316,2,31.39368
0.552632,3,31.39845
0.631579,3,31.402212
-0.065789,2,31.405045
0.0,1,31.406445
0.276316,2,31.409289
0.631579,3,31.412686
0.631579,3,31.417013
0.0,1,31.418613
0.552632,3,31.42314
0.0,1,31.42465
0.631579,3,31.428897
0.631579,3,31.431996
0.276316,2,31.434015
0.276316,2,31.436054
0.552632,3,31.439081
0.0,1,31.440038
0.276316,2,31.442029
0.631579,3,31.445044
0.276316,2,31.447163
0.276316,2,31.449254
0.631579,3,31.452431
0.552632,3,31.45544
0.276316,2,31.457599
0.828947,4,31.461628
0.276316,2,31.463588
0.552632,3,31.466459
0.0,1,31.467458
0.0,1,31.468435
0.552632,3,31.471337
0.0,1,31.472273
0.631579,3,31.475124
0.552632,3,31.477958
0.276316,2,31.479937
0.0,1,31.480901
0.276316,2,31.482823
0.276316,2,31.484832
0.276316,2,31.486739
0.0,1,31.487775
0.631579,3,31.490711
0.276316,2,31.492729
0.631579,3,31.495648
0.486842,4,31.499593
0.552632,3,31.50255
0.552632,3,31.505473
0.552632,3,31.508348
0.0,1,31.509267
0.552632,3,31.512168
0.552632,3,31.515049
0.552632,3,31.51791
0.0,1,31.518859
0.552632,3,31.521605
0.631579,3,31.524497
0.0,1,31.52547
0.631579,3,31.528318
0.631579,3,31.531193
0.907895,4,31.53508
0.552632,3,31.537994
0.552632,3,31.540849
0.276316,2,31.542773
0.631579,3,31.545648
0.552632,3,31.548558
0.552632,3,31.551434
0.276316,2,31.553388
0.631579,3,31.556329
0.552632,3,31.559244
0.552632,3,31.562115
0.552632,3,31.565018
0.631579,3,31.567916
0.631579,3,31.57085
0.552632,3,31.573737
0.631579,3,31.576569
0.631579,3,31.579438
0.0,1,31.580406
0.276316,2,31.582381
0.631579,3,31.585257
0.631579,3,31.588072
0.631579,3,31.591055
0.631579,3,31.593973
0.552632,3,31.596881
0.631579,3,31.599782
0.631579,3,31.60269
0.552632,3,31.605568
0.552632,3,31.608418
0.276316,2,31.610319
0.0,1,31.611275
0.0,1,31.612221
0.0,1,31.613214
0.0,1,31.614183
0.552632,3,31.617079
0.552632,3,31.619996
0.552632,3,31.622896
0.0,1,31.623838
0.552632,3,31.626718
0.552632,3,31.629637
0.0,1,31.630584
0.631579,3,31.633489
0.631579,3,31.636722
0.552632,3,31.641527
0.631579,3,31.645612
0.0,1,31.646885
0.631579,3,31.650316
0.631579,3,31.65328
0.0,1,31.654292
0.907895,4,31.658392
0.276316,2,31.660436
0.631579,3,31.663395
0.552632,3,31.666409
0.552632,3,31.669414
0.631579,3,31.672494
0.631579,3,31.675523
0.552632,3,31.678519
-0.065789,2,31.680519
0.276316,2,31.68254
0.631579,3,31.685582
0.552632,3,31.688591
0.631579,3,31.691674
-0.065789,2,31.693713
0.631579,3,31.696699
0.0,1,31.697674
0.0,1,31.69874
0.631579,3,31.701771
0.631579,3,31.704753
0.907895,4,31.708816
0.907895,4,31.712634
0.276316,2,31.71467
0.552632,3,31.717684
0.276316,2,31.719606
0.631579,3,31.722736
0.276316,2,31.725292
0.552632,3,31.728729
0.552632,3,31.73206
0.552632,3,31.735311
0.552632,3,31.7386
0.631579,3,31.741928
0.631579,3,31.745162
0.631579,3,31.748359
0.552632,3,31.751753
0.631579,3,31.755017
0.552632,3,31.758295
0.276316,2,31.760478
0.631579,3,31.763785
0.276316,2,31.765983
0.276316,2,31.768106
0.0,1,31.769171
0.552632,3,31.772545
0.552632,3,31.775834
0.631579,3,31.779197
0.552632,3,31.782515
0.631579,3,31.785758
0.276316,2,31.787974
0.552632,3,31.791229
0.631579,3,31.794448
0.0,1,31.795557
0.631579,3,31.798808
0.631579,3,31.802048
0.552632,3,31.805353
0.552632,3,31.808566
0.0,1,31.80968
0.552632,3,31.81297
0.631579,3,31.816169
0.276316,2,31.818294
0.631579,3,31.821422
0.276316,2,31.823633
0.631579,3,31.826861
0.276316,2,31.828996
0.0,1,31.830086
0.631579,3,31.834543
0.631579,3,31.838856
0.276316,2,31.841487
0.0,1,31.8428
0.631579,3,31.846071
0.0,1,31.847061
0.552632,3,31.84992
0.0,1,31.850959
0.0,1,31.851879
0.552632,3,31.854765
0.631579,3,31.857681
0.631579,3,31.860556
0.276316,2,31.862503
0.631579,3,31.865433
0.631579,3,31.86844
0.631579,3,31.871369
0.0,1,31.872368
0.631579,3,31.875278
0.631579,3,31.878163
0.552632,3,31.881034
0.631579,3,31.884057
0.631579,3,31.886944
0.552632,3,31.889844
0.631579,3,31.892772
0.276316,2,31.894803
0.552632,3,31.897697
0.828947,4,31.901669
0.276316,2,31.903617
0.631579,3,31.906548
0.552632,3,31.909499
0.0,1,31.9105
0.276316,2,31.912302
0.552632,3,31.915291
0.276316,2,31.917324
0.0,1,31.918334
0.552632,3,31.921112
0.552632,3,31.924049
0.631579,3,31.92692
0.276316,2,31.928799
0.0,1,31.929778
0.631579,3,31.93261
0.276316,2,31.934621
0.631579,3,31.937489
0.631579,3,31.94035
0.631579,3,31.943202
-0.065789,2,31.945157
0.631579,3,31.948009
0.631579,3,31.950951
0.631579,3,31.95383
0.0,1,31.954786
0.0,1,31.955774
0.0,1,31.956756
-0.065789,2,31.958652
0.276316,2,31.960595
0.631579,3,31.963514
0.276316,2,31.965425
0.552632,3,31.96839
0.631579,3,31.971301
0.631579,3,31.97424
0.631579,3,31.977114
0.0,1,31.978107
0.631579,3,31.981071
0.276316,2,31.982974
0.552632,3,31.986022
0.276316,2,31.987978
0.631579,3,31.990842
0.421053,5,31.995708
0.631579,3,31.998605
0.276316,2,32.000621
0.552632,3,32.003554
0.276316,2,32.005517
0.552632,3,32.008439
0.0,1,32.009429
0.631579,3,32.012316
0.552632,3,32.015243
0.0,1,32.016236
0.631579,3,32.019266
0.631579,3,32.022236
0.210526,3,32.02511
0.631579,3,32.028001
0.631579,3,32.030857
0.276316,2,32.03276
0.552632,3,32.035697
0.486842,4,32.039616
0.631579,3,32.042553
0.0,1,32.043537
0.631579,3,32.046394
0.276316,2,32.04836
0.276316,2,32.050393
0.0,1,32.051345
0.631579,3,32.0542
0.0,1,32.055144
0.631579,3,32.058007
0.828947,4,32.061935
0.631579,3,32.0649
0.631579,3,32.067816
0.486842,4,32.071579
0.631579,3,32.074462
0.631579,3,32.077384
0.0,1,32.078379
0.631579,3,32.081168
0.552632,3,32.084053
0.828947,4,32.088003
0.552632,3,32.090938
0.0,1,32.091918
0.631579,3,32.094826
0.552632,3,32.097693
0.276316,2,32.099604
0.552632,3,32.10267
0.276316,2,32.104609
0.552632,3,32.107476
0.552632,3,32.1104
0.631579,3,32.113342
0.631579,3,32.116288
0.0,1,32.117288
0.907895,4,32.121133
0.0,1,32.122071
0.552632,3,32.124971
0.631579,3,32.127895
0.552632,3,32.130696
0.631579,3,32.133604
0.552632,3,32.136533
0.552632,3,32.139405
0.210526,3,32.142302
0.276316,2,32.144281
0.631579,3,32.147115
0.552632,3,32.149957
0.552632,3,32.153007
0.0,1,32.154012
0.631579,3,32.156909
0.0,1,32.15783
0.907895,4,32.161711
0.0,1,32.162677
0.631579,3,32.16557
0.276316,2,32.167542
0.0,1,32.168544
0.631579,3,32.171446
0.552632,3,32.174355
0.276316,2,32.176289
0.0,1,32.17726
0.276316,2,32.179161
0.552632,3,32.18206
0.631579,3,32.185024
0.631579,3,32.18792
0.486842,4,32.191767
0.0,1,32.192718
0.631579,3,32.195607
0.0,1,32.196602
0.276316,2,32.19852
0.631579,3,32.201547
0.0,1,32.202544
0.276316,2,32.204507
0.907895,4,32.208989
0.631579,3,32.213998
0.552632,3,32.218179
0.631579,3,32.221116
0.0,1,32.22208
0.276316,2,32.224101
0.552632,3,32.227046
0.0,1,32.227973
0.0,1,32.228969
0.552632,3,32.23193
0.552632,3,32.234858
0.0,1,32.235849
0.631579,3,32.238811
-0.131579,3,32.241742
0.276316,2,32.243566
0.5,5,32.248436
0.552632,3,32.251333
0.552632,3,32.254239
0.0,1,32.255212
0.0,1,32.256135
0.631579,3,32.25906
0.276316,2,32.261008
0.631579,3,32.263872
0.631579,3,32.266747
0.631579,3,32.269614
0.276316,2,32.271603
0.631579,3,32.274506
0.631579,3,32.277434
0.552632,3,32.280236
0.631579,3,32.283138
0.631579,3,32.286083
0.276316,2,32.288035
0.631579,3,32.290968
0.552632,3,32.293813
0.552632,3,32.296607
0.0,1,32.297603
0.631579,3,32.30046
0.552632,3,32.303327
0.631579,3,32.30615
0.631579,3,32.308995
0.631579,3,32.311715
0.0,1,32.31268
0.276316,2,32.314596
0.552632,3,32.317557
0.552632,3,32.320439
0.631579,3,32.323309
0.276316,2,32.325112
0.276316,2,32.327101
0.631579,3,32.329925
0.552632,3,32.332813
0.631579,3,32.335559
0.631579,3,32.338462
0.631579,3,32.341324
0.552632,3,32.344254
0.552632,3,32.347093
0.0,1,32.34802
-0.065789,2,32.349905
0.0,1,32.350883
0.552632,3,32.353742
0.0,1,32.354724
0.276316,2,32.356639
0.276316,2,32.358634
0.276316,2,32.360587
0.0,1,32.361557
0.631579,3,32.36441
0.631579,3,32.367377
0.552632,3,32.370236
0.0,1,32.371168
0.631579,3,32.374029
0.276316,2,32.375983
0.552632,3,32.378803
0.631579,3,32.381602
0.0,1,32.382542
0.0,1,32.38348
0.631579,3,32.386405
0.552632,3,32.389324
0.552632,3,32.392256
0.0,1,32.393218
0.552632,3,32.39614
0.631579,3,32.399077
0.421053,5,32.403809
0.631579,3,32.406739
-0.065789,2,32.408583
0.0,1,32.409591
0.0,1,32.410518
0.631579,3,32.413476
0.276316,2,32.415405
0.631579,3,32.418351
0.0,1,32.419317
0.631579,3,32.422061
0.631579,3,32.424951
0.0,1,32.425933
0.0,1,32.426932
0.276316,2,32.428745
0.276316,2,32.430719
0.0,1,32.431683
0.276316,2,32.433642
0.552632,3,32.436526
0.631579,3,32.439362
0.631579,3,32.442157
0.631579,3,32.445057
-0.065789,2,32.446942
0.552632,3,32.449838
0.276316,2,32.451691
0.0,1,32.452693
0.0,1,32.453649
0.552632,3,32.456531
0.0,1,32.457551
0.276316,2,32.459489
0.631579,3,32.462284
0.631579,3,32.465173
0.552632,3,32.468085
0.276316,2,32.470017
0.552632,3,32.472983
0.565789,4,32.476826
0.552632,3,32.479717
0.0,1,32.480668
0.0,1,32.481648
0.276316,2,32.483597
0.631579,3,32.486476
0.0,1,32.487479
0.276316,2,32.489268
0.631579,3,32.492223
0.631579,3,32.49517
0.0,1,32.496147
0.552632,3,32.499033
0.631579,3,32.501947
0.631579,3,32.50478
0.552632,3,32.50764
0.631579,3,32.510555
0.276316,2,32.512539
0.631579,3,32.515447
0.552632,3,32.518379
0.631579,3,32.521258
0.0,1,32.522267
0.276316,2,32.524239
0.552632,3,32.527138
0.276316,2,32.529065
0.276316,2,32.531009
0.276316,2,32.532924
0.276316,2,32.534824
0.552632,3,32.53773
0.552632,3,32.540717
0.276316,2,32.542615
0.0,1,32.54358
0.907895,4,32.547447
0.0,1,32.54845
0.552632,3,32.551323
0.552632,3,32.554212
-0.065789,2,32.556169
0.552632,3,32.559061
0.486842,4,32.562934
0.631579,3,32.56573
0.631579,3,32.568691
0.631579,3,32.571646
0.552632,3,32.574562
0.552632,3,32.577471
0.565789,4,32.581385
0.0,1,32.582388
0.552632,3,32.585196
0.276316,2,32.587078
-0.065789,2,32.589037
0.631579,3,32.591865
0.0,1,32.592794
0.0,1,32.59379
0.631579,3,32.596605
0.631579,3,32.599484
0.631579,3,32.602453
0.631579,3,32.605384
0.0,1,32.60635
0.0,1,32.607344
0.0,1,32.608307
0.631579,3,32.611206
0.631579,3,32.614101
0.0,1,32.615061
0.276316,2,32.616988
0.552632,3,32.619853
0.486842,4,32.623644
0.552632,3,32.626573
0.631579,3,32.634633
0.631579,3,32.637744
0.0,1,32.639071
0.276316,2,32.641077
0.552632,3,32.643996
0.552632,3,32.646959
0.631579,3,32.649838
0.0,1,32.650724
0.631579,3,32.654099
0.552632,3,32.656888
0.276316,2,32.658833
0.0,1,32.65977
0.631579,3,32.662623
0.276316,2,32.664526
0.631579,3,32.667294
0.631579,3,32.67037
0.565789,4,32.674155
0.276316,2,32.676102
0.631579,3,32.678874
0.276316,2,32.680751
0.631579,3,32.68359
0.631579,3,32.686386
0.631579,3,32.689199
0.552632,3,32.691999
0.631579,3,32.694826
0.276316,2,32.696718
0.552632,3,32.69951
0.631579,3,32.702296
0.552632,3,32.705121
0.276316,2,32.707026
0.276316,2,32.708913
0.552632,3,32.71174
0.552632,3,32.714548
0.276316,2,32.716452
0.552632,3,32.719398
0.631579,3,32.722309
0.0,1,32.723261
0.552632,3,32.726159
0.631579,3,32.729006
0.828947,4,32.732759
0.276316,2,32.734627
0.276316,2,32.736548
0.631579,3,32.739429
0.0,1,32.740348
0.631579,3,32.743188
0.631579,3,32.746089
0.631579,3,32.748839
0.0,1,32.749831
0.631579,3,32.752684
0.276316,2,32.754569
0.631579,3,32.757376
0.0,1,32.758338
0.0,1,32.759264
0.552632,3,32.762109
0.144737,4,32.765873
0.552632,3,32.768671
0.276316,2,32.770581
0.276316,2,32.772498
-0.065789,2,32.77439
0.631579,3,32.777175
0.552632,3,32.779971
0.631579,3,32.782828
0.631579,3,32.785603
0.631579,3,32.788419
0.0,1,32.789327
0.276316,2,32.791196
0.276316,2,32.793053
0.552632,3,32.795834
0.0,1,32.796807
0.0,1,32.79778
0.907895,4,32.801577
0.631579,3,32.804457
0.552632,3,32.807262
0.0,1,32.808191
0.0,1,32.809129
0.276316,2,32.811035
0.631579,3,32.813838
0.631579,3,32.816655
0.631579,3,32.819466
0.552632,3,32.822279
0.276316,2,32.824125
0.0,1,32.825089
0.552632,3,32.827947
0.552632,3,32.830877
0.631579,3,32.833741
0.631579,3,32.83652
0.552632,3,32.83928
0.552632,3,32.84213
0.0,1,32.843127
0.0,1,32.844084
0.552632,3,32.847
0.828947,4,32.850863
0.631579,3,32.8538
0.0,1,32.854813
0.486842,4,32.858681
0.631579,3,32.861597
0.631579,3,32.864541
0.552632,3,32.867522
0.907895,4,32.871555
0.0,1,32.872544
0.0,1,32.873492
0.0,1,32.874423
0.631579,3,32.877293
0.631579,3,32.88018
0.0,1,32.881102
0.552632,3,32.883953
0.552632,3,32.886795
0.276316,2,32.888756
0.631579,3,32.891695
-0.065789,2,32.893581
0.631579,3,32.89647
0.631579,3,32.89926
0.0,1,32.90028
0.552632,3,32.903064
0.631579,3,32.906019
0.0,1,32.90697
0.486842,4,32.910861
0.907895,4,32.91465
0.631579,3,32.917514
0.631579,3,32.920481
0.631579,3,32.923336
0.276316,2,32.92529
0.276316,2,32.927207
0.631579,3,32.930105
0.552632,3,32.933084
0.552632,3,32.936136
0.0,1,32.937083
0.0,1,32.938069
0.0,1,32.939043
0.552632,3,32.941999
0.0,1,32.942974
0.276316,2,32.944908
0.631579,3,32.947849
0.631579,3,32.950804
0.0,1,32.951769
-0.065789,2,32.95374
0.0,1,32.954725
0.0,1,32.955675
0.276316,2,32.957685
0.552632,3,32.960569
0.552632,3,32.963539
0.631579,3,32.966404
0.0,1,32.96739
0.631579,3,32.970215
0.276316,2,32.972145
0.631579,3,32.975102
0.631579,3,32.978014
0.0,1,32.978992
0.552632,3,32.981942
0.0,1,32.982931
0.276316,2,32.984882
0.0,1,32.985887
0.276316,2,32.987785
0.0,1,32.988718
0.276316,2,32.990581
0.552632,3,32.993427
0.0,1,32.994346
0.552632,3,32.997247
0.552632,3,33.000071
0.552632,3,33.003045
0.0,1,33.004036
0.276316,2,33.005955
0.631579,3,33.008857
0.552632,3,33.011713
0.0,1,33.012707
0.276316,2,33.014524
0.0,1,33.015497
0.0,1,33.016454
0.276316,2,33.018411
0.552632,3,33.021312
0.631579,3,33.024188
0.276316,2,33.026106
0.828947,4,33.029896
0.552632,3,33.032751
0.828947,4,33.036624
0.210526,3,33.039533
0.631579,3,33.042387
0.0,1,33.043379
0.631579,3,33.046208
0.828947,4,33.050012
0.631579,3,33.052921
0.0,1,33.053916
0.276316,2,33.055816
0.631579,3,33.058749
0.0,1,33.05974
0.0,1,33.060749
0.552632,3,33.063581
0.552632,3,33.066459
0.631579,3,33.06931
0.552632,3,33.072238
0.631579,3,33.075142
0.552632,3,33.078056
0.276316,2,33.079931
0.210526,3,33.08281
0.631579,3,33.085683
0.276316,2,33.087654
0.276316,2,33.08957
0.631579,3,33.092457
0.631579,3,33.09537
0.631579,3,33.098238
0.631579,3,33.101108
0.0,1,33.102132
0.631579,3,33.104975
0.276316,2,33.10689
0.552632,3,33.109718
0.552632,3,33.112622
0.552632,3,33.11549
0.552632,3,33.118367
0.565789,4,33.122154
0.0,1,33.123145
0.631579,3,33.126017
0.552632,3,33.128921
0.552632,3,33.131855
0.0,1,33.132833
0.0,1,33.133815
0.631579,3,33.136727
0.552632,3,33.139571
0.0,1,33.140535
0.0,1,33.141495
-0.065789,2,33.143451
0.631579,3,33.146338
0.631579,3,33.14918
0.0,1,33.150105
0.631579,3,33.153162
0.631579,3,33.156051
0.552632,3,33.158804
-0.065789,2,33.160762
0.552632,3,33.163644
0.276316,2,33.165447
0.552632,3,33.168303
0.0,1,33.169295
0.276316,2,33.171267
0.907895,4,33.175046
0.276316,2,33.176971
0.631579,3,33.179864
0.276316,2,33.18179
0.631579,3,33.184654
0.0,1,33.185632
0.552632,3,33.188494
0.552632,3,33.191386
0.0,1,33.192377
-0.065789,2,33.194314
0.0,1,33.19527
0.631579,3,33.198107
0.276316,2,33.199867
0.552632,3,33.202776
0.276316,2,33.204689
-0.131579,3,33.207508
0.276316,2,33.209418
0.631579,3,33.212289
0.552632,3,33.215185
0.631579,3,33.218042
0.552632,3,33.220922
0.0,1,33.221884
0.631579,3,33.224779
0.276316,2,33.226749
0.276316,2,33.228687
0.631579,3,33.231546
0.631579,3,33.234413
0.631579,3,33.237344
0.565789,4,33.241196
0.0,1,33.242115
0.631579,3,33.24509
0.0,1,33.246047
-0.065789,2,33.247973
0.631579,3,33.250875
0.552632,3,33.253763
0.552632,3,33.256623
0.631579,3,33.259447
0.0,1,33.260445
0.0,1,33.261404
0.486842,4,33.26531
0.631579,3,33.268224
0.0,1,33.269217
0.631579,3,33.272162
0.631579,3,33.275041
0.0,1,33.275998
0.552632,3,33.278765
0.631579,3,33.281641
0.0,1,33.282565
0.631579,3,33.285491
0.0,1,33.286487
0.276316,2,33.288427
0.631579,3,33.291308
0.631579,3,33.294252
0.0,1,33.295257
0.552632,3,40.642773
0.631579,3,40.646295
0.552632,3,40.649574
0.552632,3,40.652895
0.907895,4,40.657101
0.631579,3,40.66296
0.631579,3,40.667552
0.552632,3,40.671869
0.276316,2,40.67439
0.907895,4,40.678655
0.631579,3,40.682352
0.631579,3,40.687509
0.631579,3,40.691277
-0.065789,2,40.693901
0.631579,3,40.698207
0.552632,3,40.702487
0.631579,3,40.706538
0.631579,3,40.710248
0.552632,3,40.713522
0.565789,4,40.71759
0.631579,3,40.720792
0.631579,3,40.723891
0.631579,3,40.727092
0.565789,4,40.731282
0.0,1,40.732313
0.276316,2,40.735504
0.0,1,40.737334
0.631579,3,40.741431
0.0,1,40.742775
0.631579,3,40.746847
0.828947,4,40.750822
0.631579,3,40.753715
0.907895,4,40.757689
0.828947,4,40.761544
0.631579,3,40.764588
0.631579,3,40.767663
0.552632,3,40.770733
0.631579,3,40.773715
0.276316,2,40.775661
0.552632,3,40.778594
0.486842,4,40.782485
0.828947,4,40.786653
0.631579,3,40.789649
0.631579,3,40.792864
0.552632,3,40.795951
0.631579,3,40.798927
0.631579,3,40.801888
0.0,1,40.802854
0.631579,3,40.805699
0.631579,3,40.808671
0.0,1,40.809666
0.631579,3,40.812621
0.631579,3,40.815605
0.552632,3,40.818509
0.552632,3,40.821409
0.631579,3,40.824192
0.0,1,40.825191
0.0,1,40.826155
0.631579,3,40.829011
0.907895,4,40.832855
0.276316,2,40.834831
-0.065789,2,40.837379
0.631579,3,40.842333
0.631579,3,40.846377
0.631579,3,40.850249
0.276316,2,40.852758
0.276316,2,40.854708
0.552632,3,40.857594
0.552632,3,40.860582
0.552632,3,40.863561
0.631579,3,40.866529
0.631579,3,40.869425
0.0,1,40.870433
0.631579,3,40.873299
0.0,1,40.87426
0.631579,3,40.877118
0.552632,3,40.880904
0.631579,3,40.885988
0.631579,3,40.889875
0.552632,3,40.894731
0.552632,3,40.897654
0.552632,3,40.900505
0.631579,3,40.903374
0.0,1,40.904305
0.486842,4,40.908293
0.631579,3,40.91257
0.0,1,40.914231
0.631579,3,40.918923
0.631579,3,40.921898
0.276316,2,40.923768
0.0,1,40.924749
0.552632,3,40.927733
0.828947,4,40.931651
0.828947,4,40.935605
0.631579,3,40.938648
0.552632,3,40.941638
0.552632,3,40.94469
0.631579,3,40.947614
0.631579,3,40.950505
0.631579,3,40.953415
0.631579,3,40.956465
0.631579,3,40.959427
0.631579,3,40.962322
0.631579,3,40.965181
0.0,1,40.96617
0.552632,3,40.969108
0.631579,3,40.972147
0.552632,3,40.975218
0.631579,3,40.97822
0.0,1,40.979253
0.631579,3,40.982227
0.631579,3,40.985132
0.552632,3,40.988178
0.631579,3,40.991098
0.0,1,40.992049
0.552632,3,40.994966
0.276316,2,40.996836
0.763158,5,41.001837
0.631579,3,41.004801
0.276316,2,41.006785
0.631579,3,41.009825
0.552632,3,41.012753
0.0,1,41.013825
0.0,1,41.014775
0.552632,3,41.017709
0.552632,3,41.020648
0.552632,3,41.02367
0.631579,3,41.026702
0.631579,3,41.029684
0.552632,3,41.032683
0.631579,3,41.035509
0.631579,3,41.038385
0.631579,3,41.04144
0.631579,3,41.044405
0.631579,3,41.047351
0.0,1,41.048358
0.828947,4,41.052327
0.552632,3,41.055186
0.631579,3,41.058104
0.631579,3,41.061014
-0.065789,2,41.063047
0.552632,3,41.066038
0.552632,3,41.069025
0.631579,3,41.071977
0.631579,3,41.074922
0.631579,3,41.077863
0.276316,2,41.079903
0.631579,3,41.082865
0.631579,3,41.08585
0.552632,3,41.088798
0.631579,3,41.09163
0.552632,3,41.094651
0.552632,3,41.097579
0.552632,3,41.100566
0.631579,3,41.103512
0.631579,3,41.106501
0.552632,3,41.109538
0.631579,3,41.112543
0.631579,3,41.115607
0.631579,3,41.118696
0.907895,4,41.122711
0.631579,3,41.125812
0.631579,3,41.128858
0.631579,3,41.131821
0.276316,2,41.133857
0.552632,3,41.136878
0.631579,3,41.13991
0.0,1,41.140865
0.631579,3,41.143837
0.552632,3,41.146895
0.0,1,41.14791
0.631579,3,41.150908
0.631579,3,41.153916
0.0,1,41.154902
0.276316,2,41.15693
0.631579,3,41.159877
0.0,1,41.160841
0.552632,3,41.163894
0.631579,3,41.166864
0.276316,2,41.168797
0.552632,3,41.171746
0.631579,3,41.174742
0.631579,3,41.177694
0.828947,4,41.181707
0.631579,3,41.184788
0.552632,3,41.187811
0.631579,3,41.190782
0.552632,3,41.193761
0.631579,3,41.196678
0.552632,3,41.20031
0.552632,3,41.203247
0.552632,3,41.206191
0.828947,4,41.210209
0.565789,4,41.214202
0.631579,3,41.217204
0.565789,4,41.221255
0.828947,4,41.226337
0.276316,2,41.229609
0.631579,3,41.234429
0.276316,2,41.236387
0.552632,3,41.244596
0.552632,3,41.248162
0.552632,3,41.25116
0.631579,3,41.254118
0.907895,4,41.258213
0.907895,4,41.262431
0.631579,3,41.265437
0.0,1,41.266469
0.552632,3,41.269435
0.631579,3,41.272395
0.565789,4,41.277734
0.0,1,41.279521
0.631579,3,41.284654
0.552632,3,41.287407
0.631579,3,41.2903
0.631579,3,41.293172
0.631579,3,41.296061
0.552632,3,41.298974
0.631579,3,41.301857
0.276316,2,41.303781
0.631579,3,41.306675
0.631579,3,41.309508
0.0,1,41.310441
0.486842,4,41.314178
0.486842,4,41.318207
0.631579,3,41.3211
0.552632,3,41.323887
0.631579,3,41.326814
0.486842,4,41.330663
0.552632,3,41.333554
0.0,1,41.334556
0.631579,3,41.337417
0.631579,3,41.3404
0.552632,3,41.343283
0.631579,3,41.346143
0.631579,3,41.349007
0.907895,4,41.352751
0.631579,3,41.35555
0.276316,2,41.357508
0.552632,3,41.360385
0.631579,3,41.363295
0.0,1,41.36429
0.0,1,41.365239
0.552632,3,41.368128
0.552632,3,41.370929
0.631579,3,41.373787
0.631579,3,41.376652
0.552632,3,41.379518
0.0,1,41.380509
-0.065789,2,41.382443
0.907895,4,41.386348
0.907895,4,41.390263
0.631579,3,41.393258
0.565789,4,41.397227
0.631579,3,41.400122
0.552632,3,41.403025
0.631579,3,41.405947
0.631579,3,41.408891
0.631579,3,41.411766
0.552632,3,41.414588
0.842105,5,41.419255
-0.065789,2,41.421219
0.631579,3,41.424072
0.0,1,41.42503
0.0,1,41.426038
0.631579,3,41.428795
0.631579,3,41.431601
0.631579,3,41.434431
0.631579,3,41.437272
0.552632,3,41.440057
0.631579,3,41.443059
0.631579,3,41.446006
0.631579,3,41.448865
0.552632,3,41.451741
0.552632,3,41.454656
0.631579,3,41.457583
0.631579,3,41.46049
0.0,1,41.461432
0.276316,2,41.463412
0.631579,3,41.466304
0.631579,3,41.469201
0.631579,3,41.472112
0.552632,3,41.474974
0.631579,3,41.4779
0.0,1,41.478834
0.631579,3,41.481712
0.552632,3,41.484648
0.0,1,41.485622
0.552632,3,41.488476
0.0,1,41.489481
0.631579,3,41.492409
0.552632,3,41.495368
0.828947,4,41.49921
0.631579,3,41.502129
0.631579,3,41.50507
0.552632,3,41.507953
0.631579,3,41.510891
0.631579,3,41.513791
0.0,1,41.514746
0.552632,3,41.517723
0.828947,4,41.521588
0.631579,3,41.524451
0.0,1,41.525413
0.907895,4,41.529268
0.0,1,41.530213
0.828947,4,41.53401
0.631579,3,41.536899
0.631579,3,41.539766
0.631579,3,41.542642
0.631579,3,41.545485
0.631579,3,41.548359
0.631579,3,41.551185
0.631579,3,41.554098
0.552632,3,41.557038
0.631579,3,41.559957
0.631579,3,41.562869
0.276316,2,41.564785
0.486842,4,41.568618
0.631579,3,41.571505
0.276316,2,41.573409
0.565789,4,41.577244
0.631579,3,41.580144
0.631579,3,41.582993
0.631579,3,41.585857
0.631579,3,41.588725
0.552632,3,41.591567
0.552632,3,41.594481
0.631579,3,41.597344
0.907895,4,41.601152
0.565789,4,41.604948
0.907895,4,41.608756
0.552632,3,41.611599
0.552632,3,41.614494
0.631579,3,41.617344
0.631579,3,41.62022
0.828947,4,41.624042
0.552632,3,41.62696
0.552632,3,41.629867
0.631579,3,41.632735
0.631579,3,41.635569
0.631579,3,41.638431
0.552632,3,41.641291
0.631579,3,41.644152
0.631579,3,41.647028
0.276316,2,41.648874
0.631579,3,41.651608
0.631579,3,41.65449
0.0,1,41.655491
-0.065789,2,41.657377
0.631579,3,41.660239
0.631579,3,41.663119
0.631579,3,41.666042
0.631579,3,41.668959
0.0,1,41.669872
0.276316,2,41.671826
0.631579,3,41.674646
0.631579,3,41.677511
0.631579,3,41.680411
0.631579,3,41.683306
0.552632,3,41.686264
0.552632,3,41.689165
0.552632,3,41.692031
0.631579,3,41.694912
0.565789,4,41.698774
0.907895,4,41.702629
0.0,1,41.703654
0.552632,3,41.706586
0.631579,3,41.709454
0.552632,3,41.712399
0.631579,3,41.71526
0.631579,3,41.71816
0.631579,3,41.721062
0.552632,3,41.723799
0.486842,4,41.727635
0.631579,3,41.730412
0.631579,3,41.733187
0.631579,3,41.736055
0.552632,3,41.738971
0.552632,3,41.741863
0.631579,3,41.744851
0.0,1,41.745881
0.631579,3,41.748832
0.828947,4,41.752715
0.552632,3,41.755619
0.631579,3,41.758478
0.631579,3,41.761367
0.0,1,41.762326
0.631579,3,41.765267
0.565789,4,41.769148
0.0,1,41.770121
0.631579,3,41.77307
0.631579,3,41.776006
0.0,1,41.777044
0.631579,3,41.779846
0.0,1,41.780791
0.631579,3,41.783631
0.552632,3,41.786593
0.907895,4,41.790269
0.631579,3,41.793218
0.631579,3,41.796047
0.631579,3,41.798963
0.0,1,41.799985
0.907895,4,41.803852
0.486842,4,41.807729
0.552632,3,41.810597
0.631579,3,41.813463
0.552632,3,41.816199
0.631579,3,41.818977
0.631579,3,41.821772
0.631579,3,41.824696
0.276316,2,41.826608
0.631579,3,41.829539
0.631579,3,41.832454
0.0,1,41.833444
0.565789,4,41.837276
0.631579,3,41.840208
0.276316,2,41.84212
0.552632,3,41.845089
0.552632,3,41.848015
0.631579,3,41.850905
0.0,1,41.85193
0.552632,3,41.854777
0.631579,3,41.85758
0.552632,3,41.860384
0.631579,3,41.863286
0.631579,3,41.866167
0.0,1,41.86714
0.631579,3,41.869997
0.631579,3,41.87298
0.631579,3,41.875946
0.631579,3,41.878977
0.276316,2,41.880981
0.631579,3,41.88396
0.907895,4,41.887737
0.631579,3,41.890617
0.552632,3,41.8935
0.828947,4,41.897333
0.0,1,41.898335
0.552632,3,41.901147
0.631579,3,41.90389
0.552632,3,41.906705
0.552632,3,41.909616
0.552632,3,41.91253
0.631579,3,41.915482
0.631579,3,41.918429
0.552632,3,41.921326
0.631579,3,41.924216
0.631579,3,41.927106
0.552632,3,41.930015
0.631579,3,41.93292
0.276316,2,41.934871
0.552632,3,41.937788
0.631579,3,41.940704
0.0,1,41.941683
0.907895,4,41.945485
0.0,1,41.946423
0.631579,3,41.949319
0.631579,3,41.952219
0.631579,3,41.955174
0.0,1,41.956175
0.631579,3,41.959072
0.631579,3,41.961956
0.552632,3,41.964836
0.631579,3,41.967768
0.631579,3,41.970704
0.0,1,41.971678
0.552632,3,41.974549
0.631579,3,41.977404
0.565789,4,41.981241
0.552632,3,41.984167
0.552632,3,41.987088
0.631579,3,41.990025
0.631579,3,41.992913
0.631579,3,41.995784
0.631579,3,41.998686
0.552632,3,42.001612
0.631579,3,42.004517
0.631579,3,42.007463
0.552632,3,42.010309
0.631579,3,42.013213
0.631579,3,42.016203
0.631579,3,42.019171
0.907895,4,42.022957
0.0,1,42.023965
0.631579,3,42.02689
0.0,1,42.027875
-0.065789,2,42.029817
0.552632,3,42.032745
0.631579,3,42.035669
0.552632,3,42.03858
0.828947,4,42.042529
0.631579,3,42.045511
0.631579,3,42.048483
0.0,1,42.049424
0.631579,3,42.052395
0.276316,2,42.054378
0.552632,3,42.057254
0.631579,3,42.060154
0.631579,3,42.063077
0.631579,3,42.066004
0.565789,4,42.069827
0.631579,3,42.072619
0.631579,3,42.075544
0.631579,3,42.078461
0.552632,3,42.081348
0.631579,3,42.084255
0.552632,3,42.087193
0.631579,3,42.090155
0.0,1,42.09114
0.0,1,42.092139
0.631579,3,42.095084
0.631579,3,42.097965
0.0,1,42.098902
0.276316,2,42.100841
0.631579,3,42.103678
0.552632,3,42.10656
0.631579,3,42.109463
0.0,1,42.110409
-0.065789,2,42.112349
0.552632,3,42.115242
0.631579,3,42.118142
0.631579,3,42.121048
0.552632,3,42.123918
0.0,1,42.12492
0.631579,3,42.127744
0.552632,3,42.13061
0.276316,2,42.132577
0.631579,3,42.135439
0.631579,3,42.138373
0.631579,3,42.141276
0.0,1,42.142225
0.631579,3,42.14519
0.565789,4,42.149024
0.276316,2,42.150939
0.552632,3,42.153859
0.552632,3,42.156687
0.552632,3,42.159499
0.631579,3,42.162412
0.552632,3,42.165293
0.631579,3,42.168158
0.631579,3,42.171005
0.552632,3,42.173865
0.0,1,42.174807
0.631579,3,42.177669
0.552632,3,42.180448
0.631579,3,42.183289
0.631579,3,42.186197
0.0,1,42.1872
0.552632,3,42.190055
0.631579,3,42.192942
0.276316,2,42.194814
0.631579,3,42.197592
0.552632,3,42.200339
0.631579,3,42.203115
0.552632,3,42.205901
0.631579,3,42.208647
0.631579,3,42.21154
0.631579,3,42.214386
0.631579,3,42.217233
-0.065789,2,42.219128
0.276316,2,42.221063
0.631579,3,42.223895
0.276316,2,42.225751
0.907895,4,42.229555
0.552632,3,42.232417
0.631579,3,42.235286
0.552632,3,42.238168
0.552632,3,42.240978
0.631579,3,42.24387
0.552632,3,42.2467
0.631579,3,42.249578
0.631579,3,42.252468
0.552632,3,42.255408
0.907895,4,42.259195
0.276316,2,42.261136
0.552632,3,42.264013
0.631579,3,42.266858
0.907895,4,42.270655
0.631579,3,42.273553
0.828947,4,42.277412
0.631579,3,42.280266
0.631579,3,42.283134
0.631579,3,42.286083
0.631579,3,42.288929
0.631579,3,42.291805
0.631579,3,42.294753
0.907895,4,42.298585
0.565789,4,42.302272
0.631579,3,42.305036
0.631579,3,42.307757
0.631579,3,42.310619
0.565789,4,42.314425
0.631579,3,42.31726
0.631579,3,42.319955
0.907895,4,42.323701
0.907895,4,42.327514
0.631579,3,42.330337
0.631579,3,42.333243
0.0,1,42.334215
0.552632,3,42.337091
0.631579,3,42.339983
0.0,1,42.340975
0.552632,3,42.343857
0.0,1,42.344889
-0.065789,2,42.347235
0.631579,3,42.35011
0.0,1,42.351025
0.631579,3,42.353867
0.565789,4,42.357502
0.631579,3,42.360324
0.552632,3,42.363153
0.631579,3,42.365944
0.0,1,42.366849
0.552632,3,42.36961
0.631579,3,42.372414
0.631579,3,42.375236
0.565789,4,42.379001
0.631579,3,42.383212
0.631579,3,42.388024
0.0,1,42.389156
0.565789,4,42.393121
0.552632,3,42.395991
0.552632,3,42.399159
0.552632,3,42.401962
0.552632,3,42.404814
0.631579,3,42.40767
0.552632,3,42.410573
0.631579,3,42.413487
0.631579,3,42.416348
0.631579,3,42.419134
0.276316,2,42.421028
0.631579,3,42.423749
0.0,1,42.42468
0.552632,3,42.427525
0.552632,3,42.430391
0.631579,3,42.433233
0.552632,3,42.436054
0.631579,3,42.438846
0.552632,3,42.44164
0.552632,3,42.444475
0.0,1,42.445446
0.631579,3,42.44829
0.552632,3,42.451138
0.552632,3,42.459266
0.0,1,42.460401
0.0,1,42.461397
0.552632,3,42.464774
0.631579,3,42.467685
0.0,1,42.468642
0.631579,3,42.471425
0.552632,3,42.474214
0.210526,3,42.477707
0.828947,4,42.481463
0.631579,3,42.484277
0.631579,3,42.487086
0.631579,3,42.489883
0.631579,3,42.492867
0.763158,5,42.4976
0.631579,3,42.50041
0.631579,3,42.5032
0.631579,3,42.506005
0.631579,3,42.508806
0.907895,4,42.512567
0.0,1,42.51351
0.0,1,42.514441
0.552632,3,42.517227
0.631579,3,42.520015
0.631579,3,42.522847
0.828947,4,42.526519
0.552632,3,42.529372
0.552632,3,42.532136
0.631579,3,42.534929
0.552632,3,42.537743
0.631579,3,42.540514
0.631579,3,42.54327
0.552632,3,42.54606
0.552632,3,42.548861
0.631579,3,42.551706
0.0,1,42.552632
0.552632,3,42.555382
0.631579,3,42.558193
0.631579,3,42.560986
0.631579,3,42.563763
0.631579,3,42.566563
0.631579,3,42.569388
0.631579,3,42.572247
0.565789,4,42.575942
0.631579,3,42.578701
0.631579,3,42.581496
0.631579,3,42.584236
0.631579,3,42.587055
0.631579,3,42.589886
0.631579,3,42.592648
0.631579,3,42.595425
0.276316,2,42.597272
0.552632,3,42.600125
0.631579,3,42.602968
0.631579,3,42.605767
0.631579,3,42.60858
0.631579,3,42.611397
0.631579,3,42.614188
0.631579,3,42.61696
0.0,1,42.617914
0.631579,3,42.620675
0.631579,3,42.62344
0.631579,3,42.626211
0.631579,3,42.629045
0.631579,3,42.631814
0.552632,3,42.634588
0.565789,4,42.63833
0.631579,3,42.641106
0.631579,3,42.64388
0.631579,3,42.646708
0.276316,2,42.648557
0.276316,2,42.650429
0.631579,3,42.653292
0.552632,3,42.656121
0.631579,3,42.658964
0.552632,3,42.661764
0.552632,3,42.66454
0.907895,4,42.668265
0.552632,3,42.67101
0.631579,3,42.673728
0.565789,4,42.677432
0.552632,3,42.680192
0.631579,3,42.682984
0.552632,3,50.416915
0.552632,3,50.42136
0.631579,3,50.425614
0.631579,3,50.428974
0.552632,3,50.432042
0.631579,3,50.435145
0.631579,3,50.439219
0.631579,3,50.443123
0.631579,3,50.446218
0.631579,3,50.450789
0.552632,3,50.455422
0.631579,3,50.459855
0.631579,3,50.464957
0.631579,3,50.470529
-0.065789,2,50.473937
0.907895,4,50.481456
0.552632,3,50.48568
0.631579,3,50.48879
0.552632,3,50.491897
0.552632,3,50.494888
0.552632,3,50.497728
0.631579,3,50.500919
0.631579,3,50.503881
0.552632,3,50.506836
0.631579,3,50.509725
0.631579,3,50.512641
0.631579,3,50.515651
0.631579,3,50.518646
0.631579,3,50.521602
0.552632,3,50.524699
0.631579,3,50.52764
0.631579,3,50.53058
0.552632,3,50.53359
0.552632,3,50.536541
0.552632,3,50.539482
0.631579,3,50.542495
0.631579,3,50.545431
0.631579,3,50.548372
0.631579,3,50.551409
0.631579,3,50.554232
0.907895,4,50.558187
0.631579,3,50.561107
0.552632,3,50.563964
0.631579,3,50.566917
0.552632,3,50.56977
0.276316,2,50.571671
0.631579,3,50.574628
0.631579,3,50.577567
0.631579,3,50.580533
0.631579,3,50.583589
0.631579,3,50.586576
0.552632,3,50.589472
0.631579,3,50.592414
0.907895,4,50.596261
0.552632,3,50.599262
0.631579,3,50.602161
0.907895,4,50.606015
0.631579,3,50.608835
0.631579,3,50.611618
0.631579,3,50.614522
0.631579,3,50.61748
0.552632,3,50.620359
0.828947,4,50.624173
0.631579,3,50.627032
0.907895,4,50.630917
0.631579,3,50.634845
0.631579,3,50.638799
0.631579,3,50.642647
0.631579,3,50.645876
0.631579,3,50.649458
0.631579,3,50.652635
0.631579,3,50.655527
0.631579,3,50.658403
0.552632,3,50.661259
0.552632,3,50.664074
0.631579,3,50.667079
0.631579,3,50.670027
0.552632,3,50.672892
0.907895,4,50.676604
0.631579,3,50.679473
0.631579,3,50.682342
0.552632,3,50.685227
0.631579,3,50.688675
0.552632,3,50.691603
0.631579,3,50.694569
0.631579,3,50.697517
0.552632,3,50.700593
0.552632,3,50.704063
0.631579,3,50.706908
0.631579,3,50.709729
0.631579,3,50.712573
0.631579,3,50.715678
0.631579,3,50.718631
0.631579,3,50.721498
0.631579,3,50.724353
0.631579,3,50.727235
0.631579,3,50.729987
0.631579,3,50.732794
0.907895,4,50.736609
0.631579,3,50.739382
0.552632,3,50.742169
0.552632,3,50.745076
0.631579,3,50.74789
0.631579,3,50.750775
0.552632,3,50.753632
0.631579,3,50.756479
0.631579,3,50.759328
0.552632,3,50.762171
0.552632,3,50.765031
0.631579,3,50.767878
0.631579,3,50.770728
0.631579,3,50.773566
0.631579,3,50.776409
0.552632,3,50.779235
0.631579,3,50.782139
0.631579,3,50.784989
0.631579,3,50.787833
0.552632,3,50.790646
0.631579,3,50.793476
0.631579,3,50.796337
0.631579,3,50.799327
0.631579,3,50.802122
0.631579,3,50.804924
0.631579,3,50.807855
0.276316,2,50.809808
0.631579,3,50.81316
0.631579,3,50.817836
0.631579,3,50.821847
0.565789,4,50.827006
0.631579,3,50.829974
0.631579,3,50.832921
0.631579,3,50.835754
0.631579,3,50.838567
0.552632,3,50.841383
0.631579,3,50.844227
0.552632,3,50.847089
0.631579,3,50.849918
0.631579,3,50.852716
0.631579,3,50.855565
0.631579,3,50.85841
0.552632,3,50.861249
0.552632,3,50.864075
0.828947,4,50.867792
0.631579,3,50.870536
0.631579,3,50.873402
0.631579,3,50.876257
0.631579,3,50.879016
1.381579,6,50.884754
0.631579,3,50.887624
0.552632,3,50.890434
0.631579,3,50.893158
0.552632,3,50.895888
0.631579,3,50.898618
0.631579,3,50.901359
0.552632,3,50.904119
0.631579,3,50.906988
0.631579,3,50.909856
0.631579,3,50.912701
0.552632,3,50.91558
0.631579,3,50.918378
0.552632,3,50.92118
0.631579,3,50.923878
0.276316,2,50.925601
0.552632,3,50.928286
0.631579,3,50.930961
0.552632,3,50.933788
0.631579,3,50.936651
0.631579,3,50.93948
0.631579,3,50.942426
0.631579,3,50.94535
0.631579,3,50.948604
0.552632,3,50.952254
0.552632,3,50.955119
0.631579,3,50.957993
0.552632,3,50.960845
0.907895,4,50.964677
0.486842,4,50.968821
0.631579,3,50.971714
0.552632,3,50.974604
0.828947,4,50.978402
0.631579,3,50.981252
0.552632,3,50.984131
0.631579,3,50.987029
0.276316,2,50.988942
0.631579,3,50.991834
0.631579,3,50.994683
0.552632,3,50.997528
0.552632,3,51.00036
0.631579,3,51.003073
0.631579,3,51.005855
0.907895,4,51.009798
0.631579,3,51.012606
0.631579,3,51.015356
0.552632,3,51.018146
0.828947,4,51.022066
0.631579,3,51.024942
0.631579,3,51.027846
0.631579,3,51.030775
0.828947,4,51.034673
0.552632,3,51.037521
0.631579,3,51.040344
0.552632,3,51.043241
0.631579,3,51.046136
0.565789,4,51.05001
0.552632,3,51.052932
0.276316,2,51.054836
0.552632,3,51.057738
0.631579,3,51.060617
0.552632,3,51.06351
0.552632,3,51.066321
0.631579,3,51.069095
0.631579,3,51.071892
0.631579,3,51.074677
0.552632,3,51.077451
0.631579,3,51.080348
0.631579,3,51.083168
0.631579,3,51.085981
0.631579,3,51.088809
0.631579,3,51.091645
0.631579,3,51.094501
0.552632,3,51.097381
0.631579,3,51.100312
0.552632,3,51.103185
0.631579,3,51.106181
0.552632,3,51.109125
0.631579,3,51.112009
0.631579,3,51.114944
0.631579,3,51.117857
0.631579,3,51.120787
0.631579,3,51.123706
0.631579,3,51.126625
0.631579,3,51.12955
0.631579,3,51.132481
0.631579,3,51.135373
0.842105,5,51.140115
0.631579,3,51.142967
0.907895,4,51.146668
0.907895,4,51.150365
0.552632,3,51.153119
0.552632,3,51.156028
0.631579,3,51.15882
0.276316,2,51.160659
0.552632,3,51.163525
0.631579,3,51.166414
0.552632,3,51.169267
0.631579,3,51.172207
0.631579,3,51.175098
0.552632,3,51.177929
0.631579,3,51.180795
0.907895,4,51.184648
0.552632,3,51.187445
0.631579,3,51.190238
0.631579,3,51.193024
0.552632,3,51.195796
0.552632,3,51.198592
0.631579,3,51.201464
0.631579,3,51.204308
0.631579,3,51.207157
0.631579,3,51.210007
0.552632,3,51.212811
0.552632,3,51.215599
0.631579,3,51.218443
0.552632,3,51.221289
0.631579,3,51.224153
0.631579,3,51.226973
0.631579,3,51.229839
0.552632,3,51.232811
0.907895,4,51.236654
0.631579,3,51.239522
0.907895,4,51.243408
0.552632,3,51.246271
0.552632,3,51.249083
0.631579,3,51.251829
0.276316,2,51.253746
0.552632,3,51.256624
0.907895,4,51.260373
0.631579,3,51.263235
0.631579,3,51.266091
0.631579,3,51.26893
0.907895,4,51.27278
0.565789,4,51.276616
0.631579,3,51.279482
0.631579,3,51.282364
0.631579,3,51.285286
0.631579,3,51.288174
0.631579,3,51.291045
0.631579,3,51.293938
0.631579,3,51.296825
0.631579,3,51.299744
0.552632,3,51.302618
0.631579,3,51.305475
0.631579,3,51.308367
0.631579,3,51.311233
0.631579,3,51.314105
0.631579,3,51.316968
0.631579,3,51.319803
0.552632,3,51.322602
0.552632,3,51.325464
0.631579,3,51.328324
0.631579,3,51.331165
0.631579,3,51.334038
0.907895,4,51.337844
0.631579,3,51.34066
0.552632,3,51.34354
0.631579,3,51.34638
0.631579,3,51.349274
0.552632,3,51.352147
0.631579,3,51.355016
0.631579,3,51.357893
0.907895,4,51.361712
0.631579,3,51.364587
0.631579,3,51.367467
0.631579,3,51.370353
0.631579,3,51.373256
0.631579,3,51.376136
0.631579,3,51.379013
0.631579,3,51.381857
0.565789,4,51.385594
0.631579,3,51.388448
0.631579,3,51.391298
0.631579,3,51.394148
0.631579,3,51.396933
0.631579,3,51.399834
0.631579,3,51.402758
0.631579,3,51.405645
0.631579,3,51.408597
0.828947,4,51.412505
0.631579,3,51.415402
0.631579,3,51.423353
0.552632,3,51.426404
0.631579,3,51.429381
0.907895,4,51.433413
0.552632,3,51.436576
0.631579,3,51.439474
0.552632,3,51.442394
0.631579,3,51.445319
0.631579,3,51.448245
0.631579,3,51.451267
0.631579,3,51.454185
0.631579,3,51.45708
0.631579,3,51.459943
0.631579,3,51.46287
0.565789,4,51.466581
0.631579,3,51.469553
0.907895,4,51.473454
0.565789,4,51.477249
0.631579,3,51.480145
0.631579,3,51.48306
0.631579,3,51.485951
0.552632,3,51.488847
0.907895,4,51.49261
0.631579,3,51.495485
0.552632,3,51.498382
0.631579,3,51.50131
0.631579,3,51.504061
0.631579,3,51.506878
0.631579,3,51.509798
0.565789,4,51.513682
0.631579,3,51.516573
0.631579,3,51.519463
0.565789,4,51.52332
0.631579,3,51.52621
0.631579,3,51.529087
0.631579,3,51.532026
0.631579,3,51.534991
0.631579,3,51.537955
0.552632,3,51.540818
0.631579,3,51.543681
0.631579,3,51.546566
0.631579,3,51.549479
0.631579,3,51.552289
0.631579,3,51.555031
0.631579,3,51.557746
0.631579,3,51.560473
0.276316,2,51.562403
0.907895,4,51.566186
0.631579,3,51.568994
0.907895,4,51.572777
0.631579,3,51.57561
0.631579,3,51.578522
0.552632,3,51.581425
0.631579,3,51.584302
0.907895,4,51.588145
0.631579,3,51.591016
0.565789,4,51.594744
0.552632,3,51.597548
0.631579,3,51.600391
0.552632,3,51.603199
0.631579,3,51.606097
0.763158,5,51.610836
0.552632,3,51.613693
0.828947,4,51.61761
0.631579,3,51.620571
0.552632,3,51.623435
0.631579,3,51.626313
0.631579,3,51.629222
0.631579,3,51.631989
0.631579,3,51.634787
0.828947,4,51.638533
0.552632,3,51.641413
0.631579,3,51.644305
0.631579,3,51.647225
0.631579,3,51.650074
0.907895,4,51.653866
0.276316,2,51.655808
0.631579,3,51.658676
0.631579,3,51.661551
0.631579,3,51.664455
0.631579,3,51.667343
0.552632,3,51.670219
0.631579,3,51.673065
0.552632,3,51.675898
0.631579,3,51.678701
0.631579,3,51.681536
0.631579,3,51.684382
0.552632,3,51.687191
0.631579,3,51.690026
0.631579,3,51.692838
0.552632,3,51.695693
0.631579,3,51.698585
0.631579,3,51.701456
0.631579,3,51.70436
0.631579,3,51.707231
0.631579,3,51.710145
0.552632,3,51.713057
0.631579,3,51.715962
0.552632,3,51.71886
0.631579,3,51.721683
0.565789,4,51.725541
0.276316,2,51.727493
0.631579,3,51.731285
0.631579,3,51.734167
0.631579,3,51.737083
0.552632,3,51.739963
0.552632,3,51.742832
0.631579,3,51.745673
0.631579,3,51.748464
0.631579,3,51.751193
0.552632,3,51.753943
0.552632,3,51.756756
0.631579,3,51.759628
0.631579,3,51.762505
0.631579,3,51.765317
0.552632,3,51.768127
0.907895,4,51.771977
0.631579,3,51.774853
0.631579,3,51.777716
0.631579,3,51.780576
0.0,1,51.781504
0.631579,3,51.784271
0.631579,3,51.787094
0.631579,3,51.789924
0.631579,3,51.792863
0.552632,3,51.795727
0.552632,3,51.79862
0.631579,3,51.801556
1.184211,5,51.806313
-0.065789,2,51.808221
0.631579,3,51.811073
0.631579,3,51.813927
0.631579,3,51.816852
0.631579,3,51.819758
0.552632,3,51.822666
0.631579,3,51.825588
0.907895,4,51.8294
0.0,1,51.830391
0.631579,3,51.833252
0.631579,3,51.836113
0.552632,3,51.838962
0.631579,3,51.841856
0.552632,3,51.84473
0.631579,3,51.847584
0.552632,3,51.850511
0.552632,3,51.853392
0.631579,3,51.856253
0.486842,4,51.860045
0.552632,3,51.862925
0.552632,3,51.865724
0.552632,3,51.868634
0.631579,3,51.871567
0.552632,3,51.874477
0.631579,3,51.877369
0.631579,3,51.880262
0.631579,3,51.883138
0.631579,3,51.886022
0.631579,3,51.888883
0.552632,3,51.891721
1.184211,5,51.896452
0.631579,3,51.899292
0.552632,3,51.903693
0.552632,3,51.908343
0.631579,3,51.912196
0.631579,3,51.91602
0.552632,3,51.918989
0.631579,3,51.921891
0.631579,3,51.924715
0.552632,3,51.927645
0.631579,3,51.930642
0.631579,3,51.933619
0.631579,3,51.936566
0.631579,3,51.939536
0.631579,3,51.942485
0.552632,3,51.945472
0.552632,3,51.94846
0.552632,3,51.951367
0.631579,3,51.954357
0.631579,3,51.957366
0.631579,3,51.960351
0.631579,3,51.963345
0.631579,3,51.966414
0.631579,3,51.969549
0.631579,3,51.972636
0.631579,3,51.975654
0.631579,3,51.978554
0.631579,3,51.981588
0.828947,4,51.985589
0.631579,3,51.988492
0.631579,3,51.991394
1.184211,5,51.996184
0.631579,3,51.999202
0.631579,3,52.001953
0.631579,3,52.004807
0.631579,3,52.007615
0.552632,3,52.010466
0.631579,3,52.013314
0.486842,4,52.017256
0.552632,3,52.020135
0.631579,3,52.023006
0.552632,3,52.025908
0.552632,3,52.028839
0.552632,3,52.031755
0.631579,3,52.034714
0.631579,3,52.037662
0.828947,4,52.041607
0.631579,3,52.044612
0.552632,3,52.047602
0.631579,3,52.050606
0.631579,3,52.053467
0.631579,3,52.056382
0.631579,3,52.059244
0.763158,5,52.063967
0.631579,3,52.066853
0.631579,3,52.06971
0.631579,3,52.072591
0.631579,3,52.075451
0.631579,3,52.078433
0.631579,3,52.081415
0.631579,3,52.084413
0.631579,3,52.087379
0.631579,3,52.09035
0.552632,3,52.093304
0.631579,3,52.096267
0.631579,3,52.099257
0.631579,3,52.102215
0.907895,4,52.106194
0.631579,3,52.109067
0.631579,3,52.112011
0.828947,4,52.11587
0.631579,3,52.118761
0.631579,3,52.121753
0.631579,3,52.124729
0.631579,3,52.127651
0.631579,3,52.130688
0.552632,3,52.133662
0.631579,3,52.136588
0.552632,3,52.139521
0.631579,3,52.142463
0.631579,3,52.145411
0.631579,3,52.14835
0.631579,3,52.151287
0.631579,3,52.154279
0.631579,3,52.157195
0.631579,3,52.160208
0.828947,4,52.164201
0.552632,3,52.167202
0.552632,3,52.170263
0.552632,3,52.173275
0.631579,3,52.176277
0.552632,3,52.179268
0.552632,3,52.182266
0.631579,3,52.185288
0.565789,4,52.189321
0.552632,3,52.192315
0.828947,4,52.196362
0.631579,3,52.199263
0.631579,3,52.202292
0.631579,3,52.205344
0.631579,3,52.208378
0.907895,4,52.212377
0.631579,3,52.215408
0.907895,4,52.219393
0.552632,3,52.222443
0.552632,3,52.225485
0.631579,3,52.228514
0.631579,3,52.231565
0.552632,3,52.234586
0.631579,3,52.23755
0.631579,3,52.240476
0.631579,3,52.243478
0.631579,3,52.246468
0.631579,3,52.24948
0.552632,3,52.252498
0.552632,3,52.255496
0.631579,3,52.258484
0.907895,4,52.26247
0.907895,4,52.266457
0.631579,3,52.269473
0.631579,3,52.272468
0.631579,3,52.275462
0.631579,3,52.27851
0.631579,3,52.281548
0.552632,3,52.284456
0.907895,4,52.288333
0.631579,3,52.291243
0.552632,3,52.294255
0.828947,4,52.298263
0.552632,3,52.301288
0.631579,3,52.30425
0.552632,3,52.307156
0.552632,3,52.310057
0.631579,3,52.313003
0.631579,3,52.315934
0.210526,3,52.318875
0.631579,3,52.321826
0.631579,3,52.324796
0.631579,3,52.327754
0.631579,3,52.330679
0.631579,3,52.333622
0.631579,3,52.33659
0.907895,4,52.340612
0.631579,3,52.343596
0.631579,3,52.346599
0.552632,3,52.349478
0.552632,3,52.352487
0.631579,3,52.355455
0.552632,3,52.358431
0.552632,3,52.3614
0.907895,4,52.365292
0.631579,3,52.368185
0.631579,3,52.371076
0.631579,3,52.374027
0.552632,3,52.376995
0.631579,3,52.379933
0.631579,3,52.382886
0.552632,3,52.385851
0.631579,3,52.388824
0.552632,3,52.391762
0.552632,3,52.394748
0.631579,3,52.397711
0.552632,3,52.400703
0.631579,3,52.403588
0.552632,3,52.406432
0.552632,3,52.409289
0.631579,3,52.412197
0.631579,3,52.415106
0.631579,3,52.418112
0.552632,3,52.421065
0.631579,3,52.424095
0.631579,3,52.427203
0.631579,3,52.430114
0.631579,3,52.432988
0.631579,3,52.435784
0.631579,3,60.093024
0.631579,3,60.096196
0.907895,4,60.100411
0.631579,3,60.106645
0.631579,3,60.111356
0.552632,3,60.114477
0.631579,3,60.118764
0.631579,3,60.124631
0.631579,3,60.128872
0.631579,3,60.132597
0.631579,3,60.138024
0.631579,3,60.142865
0.552632,3,60.147761
0.631579,3,60.151915
0.631579,3,60.156182
0.631579,3,60.160901
0.907895,4,60.16706
0.631579,3,60.172591
0.828947,4,60.176846
0.631579,3,60.179884
0.552632,3,60.183649
0.631579,3,60.188031
0.552632,3,60.191885
0.631579,3,60.194936
0.907895,4,60.199092
0.631579,3,60.203984
0.631579,3,60.208455
1.460526,6,60.215804
0.631579,3,60.218655
1.184211,5,60.223462
0.631579,3,60.226487
0.631579,3,60.229359
0.631579,3,60.232251
0.631579,3,60.235091
0.552632,3,60.237913
0.552632,3,60.240767
0.907895,4,60.244776
0.631579,3,60.247785
0.907895,4,60.251776
0.631579,3,60.254652
0.907895,4,60.25853
0.631579,3,60.261457
0.631579,3,60.264365
0.631579,3,60.267407
0.631579,3,60.270443
0.631579,3,60.27348
0.631579,3,60.27652
0.631579,3,60.279551
0.631579,3,60.282579
0.907895,4,60.286541
0.907895,4,60.290606
0.631579,3,60.293608
0.631579,3,60.296588
0.631579,3,60.299529
0.631579,3,60.302531
0.552632,3,60.305525
0.907895,4,60.309506
0.631579,3,60.312508
0.631579,3,60.315509
0.631579,3,60.31852
0.552632,3,60.32152
0.631579,3,60.324502
0.552632,3,60.327474
0.552632,3,60.330421
0.552632,3,60.333281
0.552632,3,60.341202
0.276316,2,60.343258
0.631579,3,60.34647
0.631579,3,60.349509
0.631579,3,60.352347
0.631579,3,60.35512
0.631579,3,60.358531
0.631579,3,60.361396
0.828947,4,60.365254
0.631579,3,60.368119
0.631579,3,60.370977
0.631579,3,60.374033
0.631579,3,60.376876
0.631579,3,60.379721
0.631579,3,60.382507
0.631579,3,60.385347
0.631579,3,60.388195
0.631579,3,60.391205
0.631579,3,60.394102
0.552632,3,60.397168
0.631579,3,60.400109
0.631579,3,60.40305
0.631579,3,60.406028
0.552632,3,60.409019
0.631579,3,60.411849
0.631579,3,60.414921
0.631579,3,60.418152
0.631579,3,60.42121
0.631579,3,60.424359
1.184211,5,60.429359
0.631579,3,60.432203
0.552632,3,60.435404
0.631579,3,60.438293
0.631579,3,60.441436
0.552632,3,60.444502
0.631579,3,60.447422
0.631579,3,60.450324
0.631579,3,60.453249
0.631579,3,60.456106
0.631579,3,60.459034
0.631579,3,60.461893
0.631579,3,60.464737
0.631579,3,60.46762
0.631579,3,60.470642
0.631579,3,60.473679
0.631579,3,60.47671
1.184211,5,60.481706
0.631579,3,60.4847
0.631579,3,60.487672
0.552632,3,60.490722
0.631579,3,60.493734
0.631579,3,60.496703
0.631579,3,60.49968
0.631579,3,60.502625
0.631579,3,60.505657
0.631579,3,60.508685
0.631579,3,60.511639
0.631579,3,60.514609
0.631579,3,60.517598
0.631579,3,60.520566
0.631579,3,60.523533
0.631579,3,60.526528
0.552632,3,60.529418
0.631579,3,60.532434
0.631579,3,60.535339
0.631579,3,60.538375
0.631579,3,60.541634
0.552632,3,60.544886
0.631579,3,60.547828
0.631579,3,60.550791
0.631579,3,60.553727
0.631579,3,60.556659
0.631579,3,60.56151
0.631579,3,60.565533
0.631579,3,60.569422
0.631579,3,60.572386
0.552632,3,60.575354
0.631579,3,60.578316
0.631579,3,60.581293
0.907895,4,60.585162
0.631579,3,60.588069
0.631579,3,60.591092
0.552632,3,60.594001
0.631579,3,60.596911
0.631579,3,60.59983
0.552632,3,60.602713
0.552632,3,60.605703
0.631579,3,60.608761
0.552632,3,60.611737
0.631579,3,60.614772
0.631579,3,60.617771
0.631579,3,60.620753
0.631579,3,60.623774
0.631579,3,60.62677
0.631579,3,60.629726
0.631579,3,60.632653
0.631579,3,60.635563
0.631579,3,60.638517
0.907895,4,60.642373
0.631579,3,60.645327
0.631579,3,60.648354
0.631579,3,60.6513
0.552632,3,60.654284
0.631579,3,60.657226
0.552632,3,60.660192
0.631579,3,60.663162
0.631579,3,60.666122
0.631579,3,60.669104
0.552632,3,60.67207
0.552632,3,60.674958
0.552632,3,60.677862
0.631579,3,60.680771
0.631579,3,60.683659
0.631579,3,60.686593
0.631579,3,60.689511
0.631579,3,60.692473
1.184211,5,60.69727
0.631579,3,60.700068
0.631579,3,60.702978
0.631579,3,60.706002
0.907895,4,60.710665
0.631579,3,60.713611
0.631579,3,60.716537
0.276316,2,60.718413
0.552632,3,60.721234
0.631579,3,60.724308
1.105263,5,60.728995
0.631579,3,60.731761
1.105263,5,60.736738
0.631579,3,60.739673
0.631579,3,60.742688
0.552632,3,60.745976
0.631579,3,60.748837
0.631579,3,60.751704
0.631579,3,60.754568
1.105263,5,60.759424
0.631579,3,60.762609
0.552632,3,60.76538
0.631579,3,60.768239
0.631579,3,60.771096
0.631579,3,60.774079
0.552632,3,60.777011
0.631579,3,60.779913
0.552632,3,60.782815
0.631579,3,60.785699
0.631579,3,60.788563
0.631579,3,60.791439
0.631579,3,60.794352
0.631579,3,60.797256
0.552632,3,60.800135
0.552632,3,60.803051
0.631579,3,60.805946
0.907895,4,60.809884
0.552632,3,60.812756
0.552632,3,60.815573
0.552632,3,60.818472
0.631579,3,60.821302
0.631579,3,60.824159
0.631579,3,60.827059
0.631579,3,60.82991
0.552632,3,60.832808
0.631579,3,60.835737
0.631579,3,60.838643
0.631579,3,60.841505
0.631579,3,60.844391
0.552632,3,60.847265
0.907895,4,60.851083
0.631579,3,60.853946
0.907895,4,60.857882
0.631579,3,60.860764
0.631579,3,60.863596
0.631579,3,60.866486
0.552632,3,60.869399
0.907895,4,60.87325
0.552632,3,60.876112
0.631579,3,60.879017
0.631579,3,60.881912
0.552632,3,60.884776
0.907895,4,60.888561
0.552632,3,60.891436
0.631579,3,60.894336
0.907895,4,60.898187
0.907895,4,60.902005
0.631579,3,60.904899
0.828947,4,60.90876
0.631579,3,60.911616
0.631579,3,60.914395
0.552632,3,60.917178
0.631579,3,60.919939
0.631579,3,60.92275
0.631579,3,60.925546
0.631579,3,60.92843
0.631579,3,60.931328
0.631579,3,60.934204
0.631579,3,60.937076
0.631579,3,60.939937
0.631579,3,60.942831
0.631579,3,60.945751
0.631579,3,60.948681
0.631579,3,60.951586
0.631579,3,60.954521
0.631579,3,60.957427
0.631579,3,60.960376
0.631579,3,60.963327
0.631579,3,60.966236
0.552632,3,60.969182
0.631579,3,60.9721
0.631579,3,60.97504
0.552632,3,60.977993
0.631579,3,60.980921
0.907895,4,60.984834
0.552632,3,60.987612
0.631579,3,60.990475
0.631579,3,60.993408
0.276316,2,60.995337
0.631579,3,60.998314
0.631579,3,61.001243
0.631579,3,61.004563
0.631579,3,61.007747
0.631579,3,61.010974
0.631579,3,61.013848
0.552632,3,61.016717
0.552632,3,61.01961
0.631579,3,61.022491
0.552632,3,61.025486
0.552632,3,61.028242
0.631579,3,61.031005
0.631579,3,61.033779
0.631579,3,61.036521
0.631579,3,61.03927
0.631579,3,61.042109
0.552632,3,61.044985
0.631579,3,61.047862
0.552632,3,61.050735
0.631579,3,61.053638
0.631579,3,61.056523
0.631579,3,61.059397
0.631579,3,61.06227
0.631579,3,61.065168
0.631579,3,61.068008
0.631579,3,61.070834
0.631579,3,61.073672
0.631579,3,61.076539
0.631579,3,61.079422
0.631579,3,61.082283
0.631579,3,61.085203
0.631579,3,61.088104
0.631579,3,61.090974
0.631579,3,61.093863
0.631579,3,61.09676
0.631579,3,61.099638
0.631579,3,61.102528
0.631579,3,61.105429
0.631579,3,61.108305
0.631579,3,61.111205
0.631579,3,61.114128
0.828947,4,61.118047
0.552632,3,61.120928
0.631579,3,61.123823
0.631579,3,61.126738
0.907895,4,61.130583
0.631579,3,61.133428
0.631579,3,61.136279
0.631579,3,61.139119
0.631579,3,61.141978
0.631579,3,61.144815
0.631579,3,61.147584
0.631579,3,61.150472
0.907895,4,61.154356
0.631579,3,61.157238
0.631579,3,61.160156
0.631579,3,61.163066
0.552632,3,61.165957
0.631579,3,61.168819
0.631579,3,61.171654
0.631579,3,61.174517
0.631579,3,61.177404
0.631579,3,61.180327
0.631579,3,61.183247
0.552632,3,61.18618
0.631579,3,61.18909
0.631579,3,61.191983
0.631579,3,61.194899
0.631579,3,61.197813
0.631579,3,61.200689
0.631579,3,61.203524
0.552632,3,61.20643
0.631579,3,61.209333
0.631579,3,61.212221
0.552632,3,61.215102
0.631579,3,61.218006
0.631579,3,61.220896
0.552632,3,61.223801
0.631579,3,61.226695
0.631579,3,61.229598
0.552632,3,61.232511
0.552632,3,61.235415
0.631579,3,61.238331
0.552632,3,61.241204
0.631579,3,61.244074
0.631579,3,61.246967
0.631579,3,61.249773
0.631579,3,61.252554
0.631579,3,61.255367
0.631579,3,61.258256
0.552632,3,61.261193
0.552632,3,61.264065
0.552632,3,61.266955
0.552632,3,61.269874
0.552632,3,61.272791
0.552632,3,61.275727
0.631579,3,61.278631
0.631579,3,61.281542
0.631579,3,61.28445
0.907895,4,61.288244
0.631579,3,61.291045
0.631579,3,61.293866
0.631579,3,61.296607
0.631579,3,61.299373
0.631579,3,61.302133
0.631579,3,61.304887
0.631579,3,61.307637
0.552632,3,61.310439
0.631579,3,61.313298
0.552632,3,61.316164
0.631579,3,61.318939
0.552632,3,61.32173
0.631579,3,61.324512
0.907895,4,61.32821
0.631579,3,61.330974
0.631579,3,61.333748
0.631579,3,61.336532
0.631579,3,61.339292
0.631579,3,61.342103
0.631579,3,61.34501
0.631579,3,61.347893
0.552632,3,61.350734
0.631579,3,61.353624
0.631579,3,61.35653
0.631579,3,61.359423
0.631579,3,61.362261
0.631579,3,61.365136
0.631579,3,61.36798
0.631579,3,61.370842
0.631579,3,61.373763
0.907895,4,61.377658
0.631579,3,61.380562
0.631579,3,61.383444
0.907895,4,61.387295
0.552632,3,61.390181
0.631579,3,61.393066
0.552632,3,61.39593
0.631579,3,61.398801
0.631579,3,61.401679
1.184211,5,61.406465
0.631579,3,61.409332
0.631579,3,61.412199
0.631579,3,61.415007
0.631579,3,61.41782
0.631579,3,61.420654
0.631579,3,61.423533
0.631579,3,61.426414
0.631579,3,61.429325
0.907895,4,61.433164
0.552632,3,61.435955
0.552632,3,61.438758
0.552632,3,61.441641
0.552632,3,61.444542
0.907895,4,61.448399
0.631579,3,61.451286
0.552632,3,61.454183
0.907895,4,61.457978
0.631579,3,61.460822
0.631579,3,61.463671
0.907895,4,61.467556
0.631579,3,61.470375
0.631579,3,61.473219
0.631579,3,61.476069
0.631579,3,61.478954
0.552632,3,61.481843
0.631579,3,61.48473
0.631579,3,61.487499
0.631579,3,61.490251
0.552632,3,61.493663
0.631579,3,61.498066
0.631579,3,61.501796
0.631579,3,61.505646
0.552632,3,61.508845
0.631579,3,61.511701
0.631579,3,61.514553
0.631579,3,61.517408
0.631579,3,61.520291
0.631579,3,61.523211
0.828947,4,61.527088
0.631579,3,61.529994
0.631579,3,61.532915
0.552632,3,61.535811
0.631579,3,61.538662
0.631579,3,61.541539
0.631579,3,61.544485
0.631579,3,61.547374
0.552632,3,61.550243
0.552632,3,61.553092
0.631579,3,61.556016
0.631579,3,61.558862
0.907895,4,61.567737
0.828947,4,61.572051
0.552632,3,61.575261
0.631579,3,61.578441
0.631579,3,61.581404
0.552632,3,61.584369
0.631579,3,61.587421
0.631579,3,61.590466
0.631579,3,61.593703
0.552632,3,61.596722
0.631579,3,61.599655
0.631579,3,61.602648
0.631579,3,61.605661
0.552632,3,61.608665
0.552632,3,61.611727
0.552632,3,61.614675
0.552632,3,61.617607
0.631579,3,61.620535
0.631579,3,61.623442
0.828947,4,61.627332
0.631579,3,61.63024
0.631579,3,61.63311
0.631579,3,61.635961
0.631579,3,61.63882
0.552632,3,61.641715
0.631579,3,61.644573
0.631579,3,61.647425
0.631579,3,61.650348
0.552632,3,61.653251
0.552632,3,61.656139
0.552632,3,61.659066
0.631579,3,61.66197
0.631579,3,61.664888
0.631579,3,61.667764
0.631579,3,61.670649
0.631579,3,61.673533
0.276316,2,61.675458
0.631579,3,61.678326
0.552632,3,61.681186
0.631579,3,61.684142
0.631579,3,61.68703
0.631579,3,61.689907
0.631579,3,61.692867
0.631579,3,61.695743
0.552632,3,61.698655
0.631579,3,61.70156
0.631579,3,61.704462
0.631579,3,61.707358
0.631579,3,61.71035
0.631579,3,61.713336
0.552632,3,61.716318
0.631579,3,61.719209
0.631579,3,61.722159
0.631579,3,61.725081
0.552632,3,61.727997
0.552632,3,61.73087
1.184211,5,61.735679
0.552632,3,61.738636
0.631579,3,61.74158
0.631579,3,61.744462
0.631579,3,61.74732
0.631579,3,61.750211
0.631579,3,61.753112
0.631579,3,61.755972
0.631579,3,61.758932
0.631579,3,61.76178
0.631579,3,61.764622
0.631579,3,61.767544
0.552632,3,61.770461
0.907895,4,61.774243
0.552632,3,61.777094
0.631579,3,61.779845
0.631579,3,61.782638
0.631579,3,61.785514
0.631579,3,61.788366
0.631579,3,61.791229
0.631579,3,61.794083
0.631579,3,61.796993
0.828947,4,61.800854
0.631579,3,61.803732
0.631579,3,61.806576
0.631579,3,61.809422
0.552632,3,61.812278
0.552632,3,61.81512
0.631579,3,61.817876
0.552632,3,61.820645
0.631579,3,61.82341
0.552632,3,61.826251
0.631579,3,61.829103
0.631579,3,61.83191
0.552632,3,61.83473
0.631579,3,61.837543
0.631579,3,61.840381
0.631579,3,61.843196
0.631579,3,61.846038
0.631579,3,61.84887
0.631579,3,61.851685
0.631579,3,61.854501
0.631579,3,61.857339
0.631579,3,61.860203
0.631579,3,61.863081
0.631579,3,61.865965
0.631579,3,61.868857
0.552632,3,61.871778
0.631579,3,61.874679
0.631579,3,61.877581
0.631579,3,61.880451
0.828947,4,61.884214
0.552632,3,61.887072
0.552632,3,61.889848
0.631579,3,61.892612
0.631579,3,61.895353
0.631579,3,61.898181
0.631579,3,61.900917
0.631579,3,61.903684
0.552632,3,61.90643
0.631579,3,61.90919
0.631579,3,61.912037
0.631579,3,61.91488
0.907895,4,61.918633
0.552632,3,61.921471
0.631579,3,61.924284
0.631579,3,61.927192
0.631579,3,61.93006
0.552632,3,61.932926
0.631579,3,61.935782
0.828947,4,61.94212
0.631579,3,61.946151
0.552632,3,61.950107
0.907895,4,61.954634
0.631579,3,61.957499
0.631579,3,61.960367
0.631579,3,61.963243
0.631579,3,61.966111
0.631579,3,61.968935
0.552632,3,61.971719
0.631579,3,61.974567
0.631579,3,61.977395
0.631579,3,61.980234
0.828947,4,61.984353
0.631579,3,61.987183
0.631579,3,61.99003
0.631579,3,61.992875
0.631579,3,61.996331
0.631579,3,62.001128
0.631579,3,62.003978
0.907895,4,62.007735
0.631579,3,62.010557
0.631579,3,62.013371
0.631579,3,62.016152
0.631579,3,62.018969
0.552632,3,62.021819
0.552632,3,62.024654
0.631579,3,62.02757
0.631579,3,62.030395
0.631579,3,62.033239
0.552632,3,62.036143
0.631579,3,62.039041
0.631579,3,62.042052
0.631579,3,62.044945
0.631579,3,62.047844
1.105263,5,62.052671
0.631579,3,62.055576
0.631579,3,62.058476
0.631579,3,62.061439
0.631579,3,62.064265
0.631579,3,62.067101
1.184211,5,62.071768
0.631579,3,62.074543
0.631579,3,62.077304
0.552632,3,62.080123
0.552632,3,62.082893
0.907895,4,62.086585
0.631579,3,62.089321
0.631579,3,62.092155
0.631579,3,62.094977
0.552632,3,62.097743
0.631579,3,62.10055
0.631579,3,62.103302
0.552632,3,62.106144
0.552632,3,62.109002
0.907895,4,62.112908
0.631579,3,62.115829
0.907895,4,62.119661
0.631579,3,62.122451
0.631579,3,62.12528
0.631579,3,62.128114
0.631579,3,62.130984
0.631579,3,62.133784
0.631579,3,69.837559
0.631579,3,69.840684
0.907895,4,69.846913
0.631579,3,69.85094
0.631579,3,69.855765
0.631579,3,69.861024
0.631579,3,69.864405
0.631579,3,69.867513
0.631579,3,69.870516
0.631579,3,69.873832
0.631579,3,69.877849
0.631579,3,69.88203
0.631579,3,69.885855
0.631579,3,69.888911
0.552632,3,69.892116
0.631579,3,69.895283
0.907895,4,69.89974
0.631579,3,69.902899
0.631579,3,69.906
0.631579,3,69.909589
0.631579,3,69.912938
0.631579,3,69.915937
0.631579,3,69.919207
0.631579,3,69.92263
0.631579,3,69.925829
0.631579,3,69.928941
0.631579,3,69.932017
0.631579,3,69.935061
0.631579,3,69.938099
0.631579,3,69.941149
0.631579,3,69.944234
0.631579,3,69.947293
0.631579,3,69.95034
0.631579,3,69.953374
0.631579,3,69.956425
0.631579,3,69.959508
0.631579,3,69.96258
0.631579,3,69.965621
0.631579,3,69.968641
0.631579,3,69.97166
0.631579,3,69.974612
0.631579,3,69.977554
0.631579,3,69.980414
0.631579,3,69.983287
0.631579,3,69.98616
0.907895,4,69.989954
0.907895,4,69.993749
0.631579,3,69.996628
0.631579,3,69.999657
0.631579,3,70.002529
0.907895,4,70.006243
0.631579,3,70.009111
0.631579,3,70.011922
0.631579,3,70.014754
0.631579,3,70.017591
0.631579,3,70.020474
0.631579,3,70.023383
0.631579,3,70.026299
0.631579,3,70.0292
0.552632,3,70.032059
0.907895,4,70.035869
0.631579,3,70.038725
0.631579,3,70.041568
0.631579,3,70.044398
0.907895,4,70.048185
0.828947,4,70.052043
0.631579,3,70.054832
0.631579,3,70.05756
0.631579,3,70.060254
0.631579,3,70.062948
0.907895,4,70.066538
0.631579,3,70.069234
0.631579,3,70.07188
0.631579,3,70.074539
0.631579,3,70.07724
0.631579,3,70.079913
0.631579,3,70.082628
0.631579,3,70.085339
0.631579,3,70.08805
0.631579,3,70.090786
0.631579,3,70.093512
0.631579,3,70.096233
0.631579,3,70.099044
0.631579,3,70.101885
0.631579,3,70.104603
0.631579,3,70.107331
0.631579,3,70.110065
0.552632,3,70.112837
0.552632,3,70.115606
0.631579,3,70.118405
0.631579,3,70.121236
0.552632,3,70.124005
0.907895,4,70.127801
0.631579,3,70.130662
0.631579,3,70.133539
0.631579,3,70.136398
0.631579,3,70.139255
0.631579,3,70.142132
0.631579,3,70.145001
0.631579,3,70.147851
0.631579,3,70.150725
0.631579,3,70.153593
0.631579,3,70.156456
0.631579,3,70.159329
0.631579,3,70.162211
0.631579,3,70.165092
0.631579,3,70.167947
0.631579,3,70.170816
0.631579,3,70.173683
0.631579,3,70.176536
0.631579,3,70.179396
0.631579,3,70.182282
0.631579,3,70.185143
0.631579,3,70.187939
0.631579,3,70.190781
0.631579,3,70.19363
0.631579,3,70.196357
0.631579,3,70.199072
0.631579,3,70.201797
0.631579,3,70.204548
0.631579,3,70.207304
0.631579,3,70.210048
0.631579,3,70.21279
0.631579,3,70.215511
0.631579,3,70.218227
0.631579,3,70.220982
0.631579,3,70.223764
0.631579,3,70.226683
0.631579,3,70.229534
0.631579,3,70.232279
0.631579,3,70.235027
0.631579,3,70.237766
0.631579,3,70.240526
0.631579,3,70.243274
0.631579,3,70.246039
0.631579,3,70.248935
0.631579,3,70.251819
0.631579,3,70.254742
0.552632,3,70.257658
0.631579,3,70.26057
1.184211,5,70.265468
0.631579,3,70.268345
0.631579,3,70.271223
0.907895,4,70.275006
0.631579,3,70.277861
0.631579,3,70.280727
0.631579,3,70.283548
0.631579,3,70.286386
0.631579,3,70.28919
0.631579,3,70.291989
0.631579,3,70.294828
0.631579,3,70.297647
0.631579,3,70.300566
0.631579,3,70.30342
0.631579,3,70.306246
0.631579,3,70.309071
0.552632,3,70.311882
0.631579,3,70.314704
0.631579,3,70.317518
0.631579,3,70.320393
0.631579,3,70.323191
0.907895,4,70.329698
0.631579,3,70.333795
0.631579,3,70.337668
0.552632,3,70.341217
0.631579,3,70.344061
0.631579,3,70.346839
0.631579,3,70.349724
0.631579,3,70.352554
0.631579,3,70.355489
0.631579,3,70.358446
0.631579,3,70.361406
0.631579,3,70.364342
0.631579,3,70.367331
0.631579,3,70.37033
0.631579,3,70.3733
0.631579,3,70.376295
0.631579,3,70.37925
0.631579,3,70.382231
0.907895,4,70.38612
0.631579,3,70.389072
0.631579,3,70.391997
0.552632,3,70.394939
0.631579,3,70.397884
0.631579,3,70.400828
0.631579,3,70.403749
0.631579,3,70.406629
0.631579,3,70.409594
0.907895,4,70.41352
0.631579,3,70.416561
0.631579,3,70.419564
0.631579,3,70.422581
0.907895,4,70.426461
0.631579,3,70.429355
0.631579,3,70.432222
0.631579,3,70.435046
0.631579,3,70.437889
0.631579,3,70.440738
0.631579,3,70.443559
0.631579,3,70.446422
0.631579,3,70.449283
0.631579,3,70.452131
0.631579,3,70.454964
0.631579,3,70.457807
0.631579,3,70.460735
0.631579,3,70.46384
0.631579,3,70.466877
0.631579,3,70.46981
0.631579,3,70.472763
0.631579,3,70.475696
0.907895,4,70.479689
0.631579,3,70.482693
0.631579,3,70.485651
0.631579,3,70.488624
0.631579,3,70.491664
0.907895,4,70.501926
0.631579,3,70.504939
0.631579,3,70.507862
0.631579,3,70.510761
0.631579,3,70.51366
0.552632,3,70.517212
0.631579,3,70.520838
0.631579,3,70.523701
0.552632,3,70.52655
0.631579,3,70.529374
0.552632,3,70.532434
0.631579,3,70.535724
0.631579,3,70.538574
0.631579,3,70.54144
0.631579,3,70.544307
0.631579,3,70.547168
0.631579,3,70.550097
0.631579,3,70.552974
1.184211,5,70.557671
0.631579,3,70.560487
0.631579,3,70.563187
0.631579,3,70.565948
0.631579,3,70.568737
0.631579,3,70.571526
0.631579,3,70.574301
0.631579,3,70.576998
0.631579,3,70.579667
0.907895,4,70.583338
0.631579,3,70.586208
0.631579,3,70.589123
0.631579,3,70.592062
0.631579,3,70.594996
0.631579,3,70.597899
0.631579,3,70.600825
0.631579,3,70.603834
0.631579,3,70.607507
0.631579,3,70.610491
0.631579,3,70.613459
0.631579,3,70.616788
0.631579,3,70.62024
0.631579,3,70.623014
0.631579,3,70.625762
0.907895,4,70.629508
0.631579,3,70.632604
0.631579,3,70.635429
0.631579,3,70.638257
0.631579,3,70.641085
0.631579,3,70.643896
0.631579,3,70.646713
0.631579,3,70.649437
0.631579,3,70.652159
0.631579,3,70.65495
0.552632,3,70.657747
0.631579,3,70.660538
0.631579,3,70.663287
0.631579,3,70.66607
0.631579,3,70.66884
0.552632,3,70.6716
0.631579,3,70.674376
0.631579,3,70.677155
0.631579,3,70.679931
0.631579,3,70.682729
0.631579,3,70.685528
0.631579,3,70.688299
0.631579,3,70.691116
0.631579,3,70.693897
0.631579,3,70.69667
0.631579,3,70.699463
0.631579,3,70.702282
0.631579,3,70.7051
0.631579,3,70.707909
0.631579,3,70.710744
0.631579,3,70.713599
0.631579,3,70.716472
0.631579,3,70.719337
0.631579,3,70.722225
0.631579,3,70.725078
0.631579,3,70.727899
0.631579,3,70.730658
0.631579,3,70.733436
0.631579,3,70.736195
0.631579,3,70.73894
0.631579,3,70.741724
0.631579,3,70.74453
0.631579,3,70.747328
0.631579,3,70.75014
0.631579,3,70.75295
0.631579,3,70.755735
0.631579,3,70.758534
0.631579,3,70.761305
0.631579,3,70.764096
0.631579,3,70.766912
0.631579,3,70.769933
0.631579,3,70.773384
0.631579,3,70.776246
0.631579,3,70.779042
0.631579,3,70.782094
0.631579,3,70.785278
0.631579,3,70.788278
0.631579,3,70.791247
0.552632,3,70.794271
0.631579,3,70.797185
0.631579,3,70.800807
0.631579,3,70.803678
0.631579,3,70.806568
0.631579,3,70.809466
0.631579,3,70.812397
0.631579,3,70.815574
0.631579,3,70.818835
0.631579,3,70.821769
0.552632,3,70.824672
0.631579,3,70.827554
0.631579,3,70.83047
0.631579,3,70.833473
0.631579,3,70.836483
0.552632,3,70.839486
0.552632,3,70.842393
0.631579,3,70.845296
0.631579,3,70.848286
0.631579,3,70.851306
0.631579,3,70.854276
0.907895,4,70.85823
0.631579,3,70.861212
0.631579,3,70.86419
0.631579,3,70.867165
0.552632,3,70.870141
0.631579,3,70.873118
0.631579,3,70.876035
0.552632,3,70.878937
0.631579,3,70.881867
0.631579,3,70.884788
0.631579,3,70.88771
0.631579,3,70.890717
0.631579,3,70.893717
0.631579,3,70.896722
0.631579,3,70.899647
0.631579,3,70.902682
0.631579,3,70.905714
0.631579,3,70.908647
0.631579,3,70.911567
0.907895,4,70.915525
0.907895,4,70.91957
0.552632,3,70.922571
0.631579,3,70.925432
0.631579,3,70.928326
0.631579,3,70.931171
0.631579,3,70.934078
0.907895,4,70.937986
0.631579,3,70.940865
0.631579,3,70.943707
0.631579,3,70.94877
0.631579,3,70.952971
0.631579,3,70.956367
0.631579,3,70.959333
0.552632,3,70.962277
0.631579,3,70.965259
0.631579,3,70.968183
0.631579,3,70.971037
0.631579,3,70.973921
0.907895,4,70.977753
0.631579,3,70.980593
0.631579,3,70.984881
0.631579,3,70.988865
0.631579,3,70.99266
0.631579,3,70.996051
0.631579,3,70.998879
0.631579,3,71.001714
0.631579,3,71.004524
0.631579,3,71.007444
0.828947,4,71.011335
0.631579,3,71.014283
0.631579,3,71.017259
0.631579,3,71.020364
0.631579,3,71.023422
0.631579,3,71.026444
0.631579,3,71.029453
0.631579,3,71.032402
0.631579,3,71.035343
0.631579,3,71.038291
0.631579,3,71.041253
0.631579,3,71.044182
0.631579,3,71.047125
0.631579,3,71.050083
0.631579,3,71.052994
0.631579,3,71.055876
0.631579,3,71.058868
0.631579,3,71.061809
0.631579,3,71.064785
0.631579,3,71.06782
0.631579,3,71.070867
0.631579,3,71.07444
0.631579,3,71.07741
0.631579,3,71.080467
0.631579,3,71.08418
0.631579,3,71.087221
0.631579,3,71.090185
0.631579,3,71.093134
0.631579,3,71.096034
0.631579,3,71.099053
0.631579,3,71.101948
0.552632,3,71.104955
0.631579,3,71.107947
0.631579,3,71.110973
0.631579,3,71.113973
0.631579,3,71.116928
0.631579,3,71.119889
0.631579,3,71.122851
0.631579,3,71.125819
0.631579,3,71.128729
0.631579,3,71.131624
0.631579,3,71.134543
0.631579,3,71.137465
0.631579,3,71.14038
0.631579,3,71.14336
0.631579,3,71.146322
0.631579,3,71.14925
0.631579,3,71.152231
0.631579,3,71.1552
0.631579,3,71.158137
0.631579,3,71.161041
0.631579,3,71.163867
0.631579,3,71.166729
0.631579,3,71.169553
0.631579,3,71.172385
0.631579,3,71.175187
0.631579,3,71.178117
0.631579,3,71.181026
0.631579,3,71.183926
0.631579,3,71.186857
0.631579,3,71.189769
0.631579,3,71.192727
0.907895,4,71.196668
0.907895,4,71.200524
0.631579,3,71.203454
0.552632,3,71.206364
0.631579,3,71.209309
0.631579,3,71.212219
0.631579,3,71.215194
0.552632,3,71.218213
0.631579,3,71.221184
0.907895,4,71.224953
0.631579,3,71.22792
0.631579,3,71.23083
0.631579,3,71.233738
0.631579,3,71.23667
0.631579,3,71.23963
0.631579,3,71.242543
0.631579,3,71.24546
0.907895,4,71.249329
0.631579,3,71.252227
0.631579,3,71.2551
0.631579,3,71.258006
0.631579,3,71.2608
0.631579,3,71.263612
0.631579,3,71.26644
0.631579,3,71.269268
0.907895,4,71.2732
0.631579,3,71.276132
0.631579,3,71.279042
0.631579,3,71.28197
0.631579,3,71.284862
0.631579,3,71.287782
0.631579,3,71.29072
0.907895,4,71.294657
0.631579,3,71.297632
0.631579,3,71.300684
0.631579,3,71.303541
0.631579,3,71.306533
0.631579,3,71.309534
0.631579,3,71.312508
0.631579,3,71.315474
0.631579,3,71.318433
0.631579,3,71.321375
0.631579,3,71.324327
0.631579,3,71.327291
0.552632,3,71.330227
0.907895,4,71.334103
0.631579,3,71.336997
0.631579,3,71.339895
0.631579,3,71.342809
0.631579,3,71.345677
0.631579,3,71.348562
0.631579,3,71.351482
0.631579,3,71.354362
0.631579,3,71.357233
0.907895,4,71.361153
0.631579,3,71.364033
0.828947,4,71.367871
0.631579,3,71.370817
0.631579,3,71.375174
0.631579,3,71.379604
0.631579,3,71.383612
0.631579,3,71.387048
0.631579,3,71.389997
0.631579,3,71.392956
0.631579,3,71.395933
0.276316,2,71.397969
0.631579,3,71.400937
1.184211,5,71.405951
0.631579,3,71.408978
0.907895,4,71.413021
0.631579,3,71.41602
0.631579,3,71.419109
0.552632,3,71.422241
0.907895,4,71.426327
0.631579,3,71.429389
0.552632,3,71.432446
0.631579,3,71.43548
0.631579,3,71.438516
0.631579,3,71.441529
0.631579,3,71.444534
0.631579,3,71.447545
0.631579,3,71.450584
1.184211,5,71.455619
0.631579,3,71.458683
0.631579,3,71.461746
0.631579,3,71.464821
0.631579,3,71.467901
0.631579,3,71.470991
0.907895,4,71.475009
0.631579,3,71.47788
0.631579,3,71.480759
0.631579,3,71.483641
0.631579,3,71.486496
0.631579,3,71.489369
0.631579,3,71.492235
0.907895,4,71.496017
0.907895,4,71.499847
0.631579,3,71.502668
0.631579,3,71.505521
0.907895,4,71.509387
0.631579,3,71.512398
0.631579,3,71.515349
0.631579,3,71.518354
0.631579,3,71.521397
0.631579,3,71.52439
1.184211,5,71.529285
0.631579,3,71.532294
0.631579,3,71.535203
0.631579,3,71.538168
0.631579,3,71.541142
0.631579,3,71.544055
0.631579,3,71.547011
0.631579,3,71.549946
0.631579,3,71.5529
0.552632,3,71.555709
0.631579,3,71.558521
0.631579,3,71.561529
0.631579,3,71.564523
0.631579,3,71.567513
0.631579,3,71.570503
0.631579,3,71.57349
0.552632,3,71.576458
0.631579,3,71.579428
0.631579,3,71.582417
0.631579,3,71.585355
0.631579,3,71.588286
0.631579,3,71.591167
0.631579,3,71.594042
0.631579,3,71.597059
0.631579,3,71.600047
0.631579,3,71.603019
0.631579,3,71.605985
0.631579,3,71.608956
0.631579,3,71.611943
0.631579,3,71.614952
0.631579,3,71.61797
0.631579,3,71.620987
0.631579,3,71.623976
0.631579,3,71.626999
0.631579,3,71.629991
0.631579,3,71.632901
0.631579,3,71.635749
0.631579,3,71.638667
0.631579,3,71.641604
0.631579,3,71.644449
0.631579,3,71.64735
0.631579,3,71.650268
0.631579,3,71.653214
0.631579,3,71.656167
0.631579,3,71.659113
0.631579,3,71.662018
0.907895,4,71.665791
0.631579,3,71.668633
0.828947,4,71.672504
0.631579,3,71.675368
0.631579,3,71.678231
0.631579,3,71.681081
0.631579,3,71.68406
0.631579,3,71.686975
0.631579,3,71.689927
0.631579,3,71.692882
0.631579,3,71.695839
0.631579,3,71.698819
0.631579,3,71.701717
0.631579,3,71.704601
0.907895,4,71.708434
0.631579,3,71.711274
0.631579,3,71.714108
0.907895,4,71.718027
0.631579,3,71.721001
0.907895,4,71.724945
0.631579,3,71.727908
0.631579,3,71.730811
0.631579,3,71.733707
0.631579,3,71.741656
0.631579,3,71.745054
0.631579,3,71.748397
0.631579,3,71.751967
0.631579,3,71.754804
0.631579,3,71.757596
0.631579,3,71.760388
0.552632,3,71.763325
0.631579,3,71.766487
0.631579,3,71.76941
0.631579,3,71.77233
0.631579,3,71.775113
0.631579,3,71.777933
0.631579,3,71.78077
0.631579,3,71.783605
0.631579,3,71.786464
0.631579,3,71.789265
0.631579,3,71.792044
0.631579,3,71.794869
0.631579,3,71.797717
0.631579,3,71.800566
0.631579,3,71.803498
0.631579,3,71.806379
0.631579,3,71.809257
0.631579,3,71.812155
0.631579,3,71.815127
0.631579,3,71.818017
0.631579,3,71.820914
0.631579,3,71.823794
0.631579,3,71.826684
0.631579,3,71.829571
0.631579,3,71.832416
0.631579,3,71.835271
0.631579,3,71.838195
0.631579,3,71.841101
0.631579,3,71.843988
0.631579,3,71.846897
0.631579,3,71.849804
0.631579,3,71.852705
0.907895,4,71.856619
0.631579,3,71.859544
0.631579,3,71.862485
0.631579,3,71.865473
0.631579,3,71.86849
0.631579,3,79.610256
0.631579,3,79.616009
0.631579,3,79.621394
0.631579,3,79.625307
0.631579,3,79.6286
0.631579,3,79.632275
0.631579,3,79.637588
0.907895,4,79.64308
0.631579,3,79.646679
0.631579,3,79.64975
0.907895,4,79.656294
0.631579,3,79.660592
0.631579,3,79.664872
0.631579,3,79.6679
0.276316,2,79.671288
0.907895,4,79.676936
0.631579,3,79.68082
0.907895,4,79.686145
0.631579,3,79.690125
0.631579,3,79.694086
0.631579,3,79.698336
0.631579,3,79.701825
0.631579,3,79.704874
0.631579,3,79.707865
0.631579,3,79.710999
0.631579,3,79.713997
0.631579,3,79.71691
0.631579,3,79.719846
0.276316,2,79.721863
0.631579,3,79.724775
0.631579,3,79.727684
0.552632,3,79.730656
0.631579,3,79.733594
0.631579,3,79.736506
0.631579,3,79.739417
0.631579,3,79.742328
0.631579,3,79.745241
0.631579,3,79.748149
0.631579,3,79.751034
0.631579,3,79.753941
0.631579,3,79.756801
0.631579,3,79.759602
0.631579,3,79.762473
0.631579,3,79.765376
0.631579,3,79.768294
0.631579,3,79.771189
0.631579,3,79.774103
0.631579,3,79.776994
0.631579,3,79.779912
0.631579,3,79.782855
0.552632,3,79.785764
0.276316,2,79.787688
0.631579,3,79.790589
0.631579,3,79.793516
0.631579,3,79.796427
0.631579,3,79.79935
0.631579,3,79.802294
0.631579,3,79.805235
0.631579,3,79.808137
0.631579,3,79.81108
0.552632,3,79.813998
0.631579,3,79.816961
1.184211,5,79.821804
0.631579,3,79.824727
0.631579,3,79.827662
0.907895,4,79.831605
0.907895,4,79.836306
0.631579,3,79.841457
0.631579,3,79.844405
0.552632,3,79.847327
0.631579,3,79.850214
0.552632,3,79.853126
0.631579,3,79.855928
0.631579,3,79.858781
0.631579,3,79.861565
0.631579,3,79.864318
0.631579,3,79.86712
0.631579,3,79.870045
0.631579,3,79.872997
0.552632,3,79.875885
0.631579,3,79.878803
0.631579,3,79.881752
0.631579,3,79.884637
0.631579,3,79.88753
0.631579,3,79.890473
0.631579,3,79.893392
0.631579,3,79.896299
0.631579,3,79.899251
0.631579,3,79.902165
0.631579,3,79.905097
0.631579,3,79.907973
0.631579,3,79.910883
0.631579,3,79.913826
0.631579,3,79.916727
0.631579,3,79.919597
0.631579,3,79.92255
0.907895,4,79.926436
0.631579,3,79.929335
0.631579,3,79.932223
0.631579,3,79.935085
0.907895,4,79.938952
0.631579,3,79.941937
0.631579,3,79.944942
0.631579,3,79.947851
0.907895,4,79.951707
0.631579,3,79.954704
0.631579,3,79.9576
0.631579,3,79.96049
0.631579,3,79.963437
0.631579,3,79.966382
0.631579,3,79.969389
0.907895,4,79.973266
0.631579,3,79.976095
0.631579,3,79.979007
0.631579,3,79.981878
0.631579,3,79.984636
0.631579,3,79.987445
0.631579,3,79.990222
0.631579,3,79.993158
0.631579,3,79.995917
0.631579,3,79.998688
0.631579,3,80.001516
0.631579,3,80.0043
0.631579,3,80.007094
0.631579,3,80.009964
0.631579,3,80.012805
0.631579,3,80.015634
0.631579,3,80.018624
0.631579,3,80.021476
0.907895,4,80.025285
0.631579,3,80.028118
0.631579,3,80.030984
0.631579,3,80.033801
0.631579,3,80.036663
0.907895,4,80.04043
0.631579,3,80.043303
0.631579,3,80.046144
0.631579,3,80.048966
0.631579,3,80.051786
0.631579,3,80.054603
0.631579,3,80.057401
0.828947,4,80.061063
0.631579,3,80.06386
0.631579,3,80.066707
0.631579,3,80.069445
0.631579,3,80.072268
0.631579,3,80.075109
0.631579,3,80.077888
0.907895,4,80.081673
0.631579,3,80.084473
0.631579,3,80.087252
0.907895,4,80.090957
0.631579,3,80.093799
0.631579,3,80.096626
0.907895,4,80.100406
0.631579,3,80.103153
0.631579,3,80.105955
0.631579,3,80.108744
0.631579,3,80.111577
0.631579,3,80.114446
0.631579,3,80.117173
0.631579,3,80.119958
0.631579,3,80.122807
0.631579,3,80.125601
0.631579,3,80.128552
0.631579,3,80.131486
0.631579,3,80.1344
1.184211,5,80.139311
0.631579,3,80.14222
0.631579,3,80.145097
0.631579,3,80.147903
0.631579,3,80.150808
0.631579,3,80.153713
0.631579,3,80.156669
0.631579,3,80.159603
0.631579,3,80.162573
0.631579,3,80.16543
0.907895,4,80.169205
0.631579,3,80.172178
0.631579,3,80.175121
0.276316,2,80.178033
0.631579,3,80.182887
0.631579,3,80.187776
0.631579,3,80.190827
0.631579,3,80.193699
0.631579,3,80.1966
0.631579,3,80.199412
0.631579,3,80.202252
0.631579,3,80.205068
0.631579,3,80.207851
0.631579,3,80.210758
0.631579,3,80.213641
0.631579,3,80.216576
0.907895,4,80.22046
0.631579,3,80.223368
0.631579,3,80.226303
0.276316,2,80.228257
0.552632,3,80.231181
0.552632,3,80.234073
0.631579,3,80.236948
0.631579,3,80.239775
0.631579,3,80.242605
0.631579,3,80.245484
0.631579,3,80.248395
0.631579,3,80.251127
0.631579,3,80.253832
0.828947,4,80.257502
0.631579,3,80.260303
0.631579,3,80.263044
0.907895,4,80.266809
0.631579,3,80.269634
0.552632,3,80.272514
0.631579,3,80.275352
0.631579,3,80.278207
0.631579,3,80.281088
0.631579,3,80.283967
0.631579,3,80.286766
0.907895,4,80.290638
0.631579,3,80.293489
0.631579,3,80.296388
0.631579,3,80.299252
0.631579,3,80.302194
0.631579,3,80.305094
0.631579,3,80.30802
0.631579,3,80.310901
0.631579,3,80.313837
0.631579,3,80.316771
0.631579,3,80.31966
0.631579,3,80.322566
0.631579,3,80.325495
0.631579,3,80.328424
0.631579,3,80.331328
0.631579,3,80.334243
0.552632,3,80.337114
0.631579,3,80.33998
0.631579,3,80.342882
0.631579,3,80.345759
0.631579,3,80.348675
0.631579,3,80.351587
0.631579,3,80.354501
0.631579,3,80.357411
0.907895,4,80.3613
0.631579,3,80.364167
0.631579,3,80.367042
0.631579,3,80.36995
0.631579,3,80.372838
0.631579,3,80.375774
0.631579,3,80.378634
0.631579,3,80.381526
0.631579,3,80.384381
0.631579,3,80.387213
0.631579,3,80.389984
0.631579,3,80.392883
0.907895,4,80.396697
0.631579,3,80.39954
0.631579,3,80.402394
0.631579,3,80.405235
0.631579,3,80.408079
0.631579,3,80.410922
0.631579,3,80.413801
0.631579,3,80.416725
0.631579,3,80.419633
0.631579,3,80.422569
0.907895,4,80.426461
0.631579,3,80.429399
0.631579,3,80.432373
0.631579,3,80.435296
0.631579,3,80.438226
0.631579,3,80.441168
0.631579,3,80.444077
0.631579,3,80.446986
0.631579,3,80.449865
0.631579,3,80.452762
0.907895,4,80.456627
0.631579,3,80.459547
0.631579,3,80.462474
0.631579,3,80.465388
0.631579,3,80.468305
0.631579,3,80.471226
0.631579,3,80.474143
0.631579,3,80.477065
0.631579,3,80.479948
0.631579,3,80.48281
0.631579,3,80.48568
0.631579,3,80.488529
0.631579,3,80.491398
0.631579,3,80.494321
0.631579,3,80.49722
0.631579,3,80.500119
0.631579,3,80.503
0.631579,3,80.505956
0.631579,3,80.508849
0.631579,3,80.511739
0.631579,3,80.514605
0.631579,3,80.517489
0.631579,3,80.520368
0.631579,3,80.52326
0.631579,3,80.526199
0.631579,3,80.529143
0.631579,3,80.532037
0.631579,3,80.534946
0.631579,3,80.537804
0.907895,4,80.541621
0.631579,3,80.544547
0.631579,3,80.547475
0.631579,3,80.550328
0.631579,3,80.553231
0.907895,4,80.557137
0.828947,4,80.561001
0.631579,3,80.563889
0.631579,3,80.566772
0.631579,3,80.56966
0.552632,3,80.572534
0.631579,3,80.575411
0.631579,3,80.578294
0.631579,3,80.581147
0.631579,3,80.58401
0.631579,3,80.586918
0.631579,3,80.589795
0.631579,3,80.592704
0.631579,3,80.595563
0.631579,3,80.598417
0.907895,4,80.602242
0.631579,3,80.605117
0.631579,3,80.608015
0.631579,3,80.610942
0.631579,3,80.613786
0.907895,4,80.617577
0.631579,3,80.620426
0.631579,3,80.623269
0.631579,3,80.626173
0.631579,3,80.629057
0.631579,3,80.631929
0.907895,4,80.635809
0.907895,4,80.639661
0.631579,3,80.642577
0.631579,3,80.645506
0.631579,3,80.648378
0.631579,3,80.651307
0.631579,3,80.654173
0.631579,3,80.657075
0.631579,3,80.659915
0.631579,3,80.662767
0.631579,3,80.665565
0.631579,3,80.668407
0.631579,3,80.671345
0.631579,3,80.67425
0.631579,3,80.677807
0.631579,3,80.682592
0.631579,3,80.686465
0.631579,3,80.690349
0.907895,4,80.694235
0.631579,3,80.697113
0.631579,3,80.700009
0.631579,3,80.702852
0.631579,3,80.705701
0.631579,3,80.708654
0.631579,3,80.711578
0.552632,3,80.714513
0.631579,3,80.71744
0.552632,3,80.720385
0.276316,2,80.722231
0.631579,3,80.730345
0.631579,3,80.733407
0.631579,3,80.736618
0.631579,3,80.73955
0.631579,3,80.744282
0.631579,3,80.748283
0.631579,3,80.751994
0.907895,4,80.755785
0.631579,3,80.758759
0.631579,3,80.761669
0.631579,3,80.764586
0.276316,2,80.766543
0.631579,3,80.769431
0.631579,3,80.772263
0.631579,3,80.775108
0.631579,3,80.777973
0.631579,3,80.780768
0.631579,3,80.783551
0.907895,4,80.787321
0.631579,3,80.790311
0.631579,3,80.793215
0.631579,3,80.796101
0.631579,3,80.799031
0.631579,3,80.801862
0.631579,3,80.804669
0.631579,3,80.80752
0.631579,3,80.810391
0.631579,3,80.813225
0.907895,4,80.816991
0.631579,3,80.819831
0.631579,3,80.822731
0.631579,3,80.825655
0.631579,3,80.828537
0.631579,3,80.83138
0.631579,3,80.834178
0.631579,3,80.836994
0.631579,3,80.83975
0.631579,3,80.842471
0.552632,3,80.845345
0.631579,3,80.848261
0.631579,3,80.851164
0.631579,3,80.854089
0.631579,3,80.856989
0.631579,3,80.859931
0.631579,3,80.862852
0.631579,3,80.86578
0.631579,3,80.868738
0.631579,3,80.87164
0.552632,3,80.874573
0.631579,3,80.877481
0.631579,3,80.880386
0.631579,3,80.883296
0.631579,3,80.88623
0.631579,3,80.889141
0.631579,3,80.892044
0.631579,3,80.894923
0.631579,3,80.897795
0.907895,4,80.901565
0.631579,3,80.904429
0.907895,4,80.908275
0.276316,2,80.910129
0.631579,3,80.913001
0.631579,3,80.915912
0.631579,3,80.918822
0.631579,3,80.921729
0.631579,3,80.924664
0.631579,3,80.927563
0.631579,3,80.930523
0.631579,3,80.933427
0.631579,3,80.936321
0.552632,3,80.939193
0.631579,3,80.942092
0.631579,3,80.944966
0.631579,3,80.947823
0.907895,4,80.951607
0.631579,3,80.954373
0.631579,3,80.957156
0.631579,3,80.959926
0.631579,3,80.962703
0.631579,3,80.965474
0.631579,3,80.968299
0.631579,3,80.971117
0.631579,3,80.973983
0.631579,3,80.976815
0.631579,3,80.979667
0.631579,3,80.982517
0.631579,3,80.985364
0.631579,3,80.988205
0.631579,3,80.991105
0.631579,3,80.994017
0.552632,3,80.996928
0.631579,3,80.999801
0.631579,3,81.002694
0.631579,3,81.005594
0.631579,3,81.0085
0.631579,3,81.011375
0.631579,3,81.014282
0.631579,3,81.017174
0.631579,3,81.020125
0.631579,3,81.023048
0.631579,3,81.025953
0.907895,4,81.02974
0.631579,3,81.032604
0.631579,3,81.036551
0.907895,4,81.040343
0.631579,3,81.045166
0.631579,3,81.049539
0.631579,3,81.052381
0.631579,3,81.055252
0.631579,3,81.058357
0.631579,3,81.061227
0.907895,4,81.065402
0.631579,3,81.068414
0.907895,4,81.072341
0.631579,3,81.075224
0.552632,3,81.078209
0.907895,4,81.08198
0.631579,3,81.086203
0.907895,4,81.092631
0.631579,3,81.095476
0.552632,3,81.098294
0.631579,3,81.101164
0.631579,3,81.103985
0.631579,3,81.10681
0.631579,3,81.109625
0.631579,3,81.112431
0.631579,3,81.115246
0.631579,3,81.11802
0.631579,3,81.120776
0.631579,3,81.123638
0.631579,3,81.12673
0.631579,3,81.129623
0.631579,3,81.132515
1.184211,5,81.137298
0.552632,3,81.140152
0.631579,3,81.142961
0.631579,3,81.145763
0.631579,3,81.148602
0.631579,3,81.151423
0.631579,3,81.154253
0.631579,3,81.157082
0.631579,3,81.159918
0.631579,3,81.162819
0.631579,3,81.165572
0.552632,3,81.168357
0.631579,3,81.171071
0.631579,3,81.173805
0.631579,3,81.176618
0.631579,3,81.179466
0.631579,3,81.182335
0.631579,3,81.185203
0.631579,3,81.188071
0.631579,3,81.191007
0.631579,3,81.193922
0.552632,3,81.196863
0.631579,3,81.199717
0.631579,3,81.202421
0.631579,3,81.205202
0.631579,3,81.207998
0.631579,3,81.210763
0.631579,3,81.213522
0.552632,3,81.216346
0.631579,3,81.219149
0.631579,3,81.222069
0.631579,3,81.224996
0.631579,3,81.227913
0.631579,3,81.230785
0.631579,3,81.233637
0.631579,3,81.236462
0.631579,3,81.239371
0.631579,3,81.242242
0.631579,3,81.245162
0.631579,3,81.248031
0.631579,3,81.250959
0.631579,3,81.253889
0.631579,3,81.256788
0.631579,3,81.259692
0.631579,3,81.26261
0.631579,3,81.265517
0.631579,3,81.268375
0.631579,3,81.271191
0.631579,3,81.274046
0.631579,3,81.27695
0.631579,3,81.279842
0.631579,3,81.282692
0.907895,4,81.286507
0.631579,3,81.289332
0.631579,3,81.292179
0.631579,3,81.295045
0.631579,3,81.297908
0.631579,3,81.300816
0.631579,3,81.303701
0.631579,3,81.3066
0.907895,4,81.310669
0.631579,3,81.313517
0.907895,4,81.317385
0.631579,3,81.320276
0.552632,3,81.323162
0.631579,3,81.326057
0.631579,3,81.32898
0.631579,3,81.331959
0.631579,3,81.334941
0.631579,3,81.337929
0.631579,3,81.34093
0.631579,3,81.343854
0.907895,4,81.347594
0.631579,3,81.350511
0.631579,3,81.353357
0.631579,3,81.356251
0.631579,3,81.359151
0.907895,4,81.363151
0.631579,3,81.36612
0.631579,3,81.369103
0.631579,3,81.372056
0.631579,3,81.374994
0.631579,3,81.377923
0.552632,3,81.380812
0.631579,3,81.383709
0.907895,4,81.387533
0.552632,3,81.390454
0.631579,3,81.393376
0.631579,3,81.396261
0.631579,3,81.399125
0.631579,3,81.40205
1.184211,5,81.40686
0.631579,3,81.409773
0.631579,3,81.412713
0.631579,3,81.415636
0.631579,3,81.418612
0.631579,3,81.421587
0.631579,3,81.424532
0.631579,3,81.427508
0.631579,3,81.430508
0.631579,3,81.433494
0.631579,3,81.436457
0.631579,3,81.439404
0.631579,3,81.442345
0.631579,3,81.445253
0.631579,3,81.448157
0.631579,3,81.451083
0.631579,3,81.454022
0.631579,3,81.456976
0.828947,4,81.460905
0.631579,3,81.463878
0.631579,3,81.466813
0.907895,4,81.470806
0.631579,3,81.473675
0.631579,3,81.476628
0.907895,4,81.48045
0.631579,3,81.483356
0.631579,3,81.486286
0.631579,3,81.489183
0.907895,4,81.49312
0.631579,3,81.496076
0.631579,3,81.49898
0.631579,3,81.501906
0.631579,3,81.504854
0.631579,3,81.507838
0.631579,3,81.510727
0.631579,3,81.513624
0.631579,3,81.516513
0.631579,3,81.519401
0.631579,3,81.522263
0.631579,3,81.525221
0.631579,3,81.528186
0.631579,3,81.531132
0.631579,3,81.534096
0.631579,3,81.537088
0.631579,3,81.540074
0.631579,3,81.543051
0.631579,3,81.545997
0.631579,3,81.54887
0.631579,3,81.551787
0.631579,3,81.554687
0.631579,3,81.557616
0.631579,3,81.56056
0.631579,3,81.563501
0.907895,4,81.567377
0.631579,3,81.570263
0.631579,3,81.573147
0.631579,3,81.576045
0.631579,3,81.57901
0.631579,3,81.581905
0.631579,3,81.584814
0.631579,3,81.587681
0.631579,3,81.59061
0.631579,3,81.593556
0.631579,3,81.596526
0.907895,4,81.60044
0.631579,3,81.603377
0.631579,3,81.606309
0.631579,3,81.609246
0.552632,3,81.612216
0.631579,3,81.61515
0.631579,3,81.617885
0.631579,3,81.620654
0.631579,3,81.62349
0.631579,3,81.626434
0.631579,3,81.629297
0.631579,3,81.63222
0.552632,3,81.635059
0.631579,3,81.637924
0.631579,3,89.397061
0.631579,3,89.40046
0.631579,3,89.403786
0.631579,3,89.406887
0.631579,3,89.413166
0.631579,3,89.418169
0.907895,4,89.424222
0.631579,3,89.428339
0.631579,3,89.434182
0.907895,4,89.439835
0.631579,3,89.443032
0.631579,3,89.446075
0.631579,3,89.449086
0.631579,3,89.451923
0.631579,3,89.4566
0.631579,3,89.460586
0.631579,3,89.46543
0.631579,3,89.470959
0.631579,3,89.475281
0.631579,3,89.479685
0.631579,3,89.484364
0.907895,4,89.488604
0.631579,3,89.491861
0.631579,3,89.494998
0.631579,3,89.498028
0.631579,3,89.50103
0.631579,3,89.504238
0.631579,3,89.507285
0.631579,3,89.510452
0.631579,3,89.513441
0.631579,3,89.516509
0.631579,3,89.519532
0.631579,3,89.52267
0.631579,3,89.525724
0.631579,3,89.528788
0.631579,3,89.531729
0.631579,3,89.534675
0.631579,3,89.537616
0.631579,3,89.540452
0.631579,3,89.543281
0.631579,3,89.546131
0.631579,3,89.548968
0.631579,3,89.551815
0.631579,3,89.554648
0.631579,3,89.557601
0.631579,3,89.560515
0.631579,3,89.563426
0.907895,4,89.567226
0.631579,3,89.57021
0.631579,3,89.57439
0.631579,3,89.57843
0.631579,3,89.582242
0.631579,3,89.585222
0.631579,3,89.588205
0.631579,3,89.591219
0.631579,3,89.594182
0.631579,3,89.597225
0.631579,3,89.600171
0.631579,3,89.603142
0.631579,3,89.60619
0.276316,2,89.608152
0.631579,3,89.611054
0.631579,3,89.614033
0.631579,3,89.616965
0.631579,3,89.619911
0.631579,3,89.622672
0.631579,3,89.625488
0.631579,3,89.628304
0.631579,3,89.631221
0.631579,3,89.634165
0.631579,3,89.637072
0.907895,4,89.641006
0.631579,3,89.643986
0.631579,3,89.647004
0.631579,3,89.649934
0.631579,3,89.652854
0.907895,4,89.656718
0.631579,3,89.659679
0.631579,3,89.662636
0.631579,3,89.665679
0.631579,3,89.668626
0.631579,3,89.671575
0.631579,3,89.674493
0.631579,3,89.67742
0.631579,3,89.680432
0.631579,3,89.683342
0.631579,3,89.686189
0.631579,3,89.689002
0.631579,3,89.69182
0.631579,3,89.69466
0.631579,3,89.697551
0.631579,3,89.700652
0.631579,3,89.705493
0.631579,3,89.709421
0.631579,3,89.712183
0.631579,3,89.715009
0.631579,3,89.717807
0.907895,4,89.721586
0.631579,3,89.724496
0.631579,3,89.727313
0.631579,3,89.730191
0.631579,3,89.733102
0.631579,3,89.735984
0.631579,3,89.73887
1.184211,5,89.749003
0.631579,3,89.752409
0.631579,3,89.75536
0.631579,3,89.758311
0.631579,3,89.761829
0.631579,3,89.767297
0.631579,3,89.770643
0.631579,3,89.773575
0.631579,3,89.776541
0.907895,4,89.780653
0.631579,3,89.78357
0.631579,3,89.786479
0.631579,3,89.789373
0.631579,3,89.792242
0.631579,3,89.795005
0.631579,3,89.797811
0.907895,4,89.801694
0.631579,3,89.804589
0.907895,4,89.808441
0.631579,3,89.811319
0.907895,4,89.815207
0.631579,3,89.818084
0.631579,3,89.820935
0.631579,3,89.823801
0.631579,3,89.82671
0.631579,3,89.829596
0.631579,3,89.832544
0.631579,3,89.835432
0.631579,3,89.838419
0.631579,3,89.841315
0.631579,3,89.844271
0.631579,3,89.847203
0.631579,3,89.85006
0.631579,3,89.852887
0.631579,3,89.855688
0.631579,3,89.858552
0.907895,4,89.86236
0.631579,3,89.865259
0.631579,3,89.868129
0.631579,3,89.870909
0.907895,4,89.874636
0.631579,3,89.877424
0.631579,3,89.881498
0.631579,3,89.885522
0.631579,3,89.889351
0.631579,3,89.892926
0.631579,3,89.895883
0.907895,4,89.899866
0.631579,3,89.902828
0.631579,3,89.905789
0.631579,3,89.908742
0.631579,3,89.911676
0.631579,3,89.914653
0.631579,3,89.917612
0.907895,4,89.921486
0.631579,3,89.924416
0.631579,3,89.927339
0.631579,3,89.930196
0.631579,3,89.933135
0.631579,3,89.936
0.631579,3,89.939017
0.631579,3,89.941976
0.631579,3,89.945051
0.631579,3,89.948029
0.631579,3,89.95106
0.631579,3,89.95411
0.631579,3,89.957125
0.631579,3,89.960121
0.631579,3,89.96311
0.631579,3,89.966063
0.631579,3,89.969032
1.184211,5,89.973818
0.907895,4,89.977746
0.631579,3,89.980703
0.631579,3,89.983752
0.631579,3,89.986777
0.631579,3,89.989771
0.631579,3,89.992768
0.631579,3,89.995762
0.631579,3,89.998738
0.631579,3,90.001622
0.631579,3,90.004611
0.631579,3,90.00761
0.631579,3,90.010621
0.631579,3,90.013627
0.631579,3,90.016727
0.631579,3,90.019723
0.631579,3,90.02273
0.631579,3,90.025618
0.907895,4,90.029602
0.631579,3,90.032616
0.631579,3,90.0356
0.631579,3,90.038603
0.631579,3,90.041607
0.631579,3,90.044544
0.631579,3,90.047503
0.631579,3,90.05044
0.631579,3,90.05338
0.631579,3,90.056334
0.631579,3,90.059278
0.631579,3,90.06222
0.631579,3,90.065156
0.631579,3,90.068172
0.907895,4,90.072223
0.631579,3,90.075111
0.631579,3,90.078017
0.631579,3,90.081089
0.631579,3,90.084025
0.631579,3,90.086937
0.631579,3,90.089869
0.631579,3,90.092776
0.631579,3,90.095819
0.631579,3,90.098835
0.631579,3,90.101887
0.631579,3,90.10488
0.907895,4,90.108897
0.631579,3,90.112007
0.631579,3,90.115012
0.631579,3,90.118079
0.631579,3,90.12113
0.907895,4,90.1252
0.631579,3,90.12824
0.631579,3,90.131348
0.631579,3,90.134416
0.631579,3,90.137533
0.631579,3,90.140607
0.631579,3,90.143698
0.631579,3,90.146826
0.631579,3,90.1499
0.631579,3,90.15291
0.907895,4,90.156815
0.631579,3,90.159668
0.631579,3,90.162562
0.631579,3,90.165505
0.631579,3,90.168442
0.631579,3,90.17135
0.907895,4,90.175278
0.631579,3,90.178154
0.631579,3,90.181022
0.631579,3,90.183894
0.631579,3,90.186803
0.631579,3,90.18961
0.631579,3,90.192462
0.631579,3,90.195275
0.631579,3,90.198159
0.631579,3,90.2011
0.631579,3,90.204024
0.631579,3,90.206876
0.631579,3,90.209711
0.631579,3,90.212527
0.907895,4,90.216365
0.631579,3,90.219252
0.631579,3,90.222141
0.631579,3,90.22506
0.631579,3,90.227998
0.631579,3,90.230803
0.631579,3,90.233589
0.631579,3,90.23639
0.631579,3,90.23921
0.631579,3,90.242034
0.631579,3,90.244904
0.631579,3,90.247729
0.552632,3,90.250543
0.631579,3,90.25348
0.631579,3,90.256418
0.631579,3,90.259331
0.631579,3,90.262141
0.631579,3,90.264972
0.631579,3,90.267772
0.631579,3,90.270652
0.631579,3,90.273543
0.631579,3,90.276416
0.631579,3,90.279273
0.907895,4,90.283068
0.907895,4,90.286895
0.631579,3,90.289808
0.631579,3,90.292688
0.631579,3,90.295595
0.631579,3,90.298499
0.631579,3,90.301433
0.631579,3,90.304358
0.631579,3,90.307243
0.631579,3,90.310116
0.631579,3,90.312996
0.631579,3,90.315873
0.631579,3,90.318713
0.631579,3,90.321581
0.631579,3,90.324418
0.631579,3,90.327245
0.276316,2,90.329087
0.631579,3,90.331904
0.631579,3,90.334742
0.631579,3,90.337585
0.631579,3,90.340479
0.631579,3,90.343416
0.631579,3,90.346368
0.631579,3,90.34931
0.631579,3,90.35227
0.631579,3,90.355253
0.631579,3,90.358238
0.631579,3,90.361212
0.631579,3,90.364202
0.907895,4,90.36814
0.631579,3,90.371132
0.631579,3,90.374129
0.631579,3,90.377115
0.631579,3,90.380079
0.631579,3,90.383064
0.631579,3,90.386058
0.631579,3,90.38905
0.631579,3,90.39201
0.631579,3,90.394972
0.631579,3,90.397905
0.631579,3,90.400924
0.631579,3,90.403759
0.631579,3,90.406648
0.631579,3,90.4096
0.907895,4,90.41357
0.631579,3,90.416559
0.907895,4,90.420529
0.631579,3,90.423481
0.631579,3,90.426431
0.631579,3,90.429397
0.631579,3,90.432388
0.631579,3,90.435356
0.631579,3,90.438339
0.631579,3,90.441339
0.631579,3,90.444496
0.631579,3,90.447567
0.631579,3,90.450482
0.907895,4,90.454388
0.631579,3,90.457319
0.631579,3,90.460253
0.631579,3,90.463203
0.631579,3,90.466171
0.907895,4,90.470083
0.631579,3,90.473002
0.631579,3,90.475892
0.631579,3,90.478843
0.631579,3,90.481766
0.631579,3,90.484644
0.631579,3,90.487633
0.631579,3,90.490581
0.631579,3,90.493533
0.631579,3,90.496431
0.631579,3,90.499422
0.631579,3,90.502389
0.631579,3,90.505349
0.631579,3,90.508292
0.631579,3,90.511244
0.631579,3,90.514244
0.631579,3,90.517231
0.631579,3,90.520151
0.631579,3,90.523055
0.631579,3,90.525968
0.631579,3,90.528826
0.631579,3,90.531643
0.631579,3,90.534544
0.907895,4,90.538373
0.631579,3,90.541314
0.631579,3,90.544437
0.631579,3,90.547464
0.631579,3,90.550476
0.631579,3,90.553444
0.631579,3,90.556456
0.631579,3,90.559378
0.631579,3,90.562346
0.631579,3,90.565315
0.631579,3,90.568249
0.631579,3,90.571215
0.631579,3,90.574155
0.631579,3,90.577052
0.907895,4,90.581108
0.631579,3,90.584126
0.631579,3,90.587212
0.631579,3,90.590238
0.631579,3,90.593357
0.631579,3,90.596436
0.631579,3,90.599485
0.631579,3,90.602526
0.631579,3,90.605552
0.631579,3,90.608567
0.631579,3,90.611539
0.631579,3,90.614546
0.631579,3,90.617518
0.631579,3,90.620535
0.631579,3,90.623491
0.631579,3,90.626467
0.631579,3,90.629498
0.631579,3,90.632449
0.631579,3,90.635425
0.631579,3,90.638404
0.631579,3,90.641455
0.631579,3,90.644526
0.631579,3,90.647619
0.631579,3,90.650692
0.631579,3,90.653757
0.631579,3,90.656708
0.631579,3,90.659622
0.631579,3,90.662628
0.631579,3,90.665644
0.631579,3,90.668632
0.631579,3,90.671658
0.631579,3,90.674684
0.631579,3,90.677695
0.631579,3,90.680724
0.631579,3,90.68371
0.631579,3,90.686719
0.907895,4,90.690707
0.631579,3,90.693674
0.631579,3,90.696682
0.631579,3,90.699682
0.907895,4,90.703562
0.631579,3,90.706587
0.907895,4,90.710488
0.631579,3,90.713441
0.631579,3,90.716405
0.631579,3,90.719359
0.631579,3,90.722437
0.631579,3,90.725498
0.907895,4,90.729614
0.631579,3,90.732645
0.631579,3,90.735649
0.631579,3,90.738669
0.907895,4,90.742679
0.276316,2,90.744768
0.631579,3,90.747812
0.631579,3,90.750818
0.631579,3,90.753851
0.907895,4,90.757737
0.631579,3,90.760668
0.907895,4,90.764654
0.276316,2,90.76668
0.631579,3,90.769719
0.631579,3,90.77263
0.631579,3,90.775384
0.631579,3,90.778358
0.631579,3,90.781312
0.631579,3,90.784252
0.631579,3,90.787171
0.631579,3,90.790119
0.907895,4,90.794057
0.631579,3,90.797016
0.631579,3,90.800049
0.907895,4,90.803961
0.631579,3,90.806908
0.631579,3,90.809901
0.631579,3,90.812925
0.276316,2,90.814982
0.631579,3,90.817998
0.631579,3,90.821028
0.631579,3,90.824025
0.631579,3,90.827054
0.907895,4,90.831018
0.631579,3,90.834031
0.631579,3,90.837038
0.631579,3,90.840025
0.631579,3,90.84294
0.631579,3,90.845868
0.631579,3,90.848835
0.276316,2,90.850739
0.631579,3,90.853646
0.631579,3,90.85659
0.631579,3,90.859571
0.631579,3,90.862573
0.631579,3,90.865541
0.631579,3,90.868508
0.631579,3,90.871477
0.631579,3,90.874424
0.631579,3,90.877352
0.631579,3,90.8803
0.631579,3,90.883221
0.631579,3,90.886208
0.631579,3,90.889143
0.631579,3,90.892057
0.631579,3,90.894995
0.907895,4,90.898892
0.631579,3,90.901858
0.631579,3,90.904782
0.631579,3,90.907759
0.631579,3,90.910673
0.631579,3,90.913608
0.631579,3,90.916563
0.631579,3,90.919476
0.631579,3,90.922396
0.631579,3,90.925174
0.631579,3,90.928001
0.631579,3,90.930872
0.907895,4,90.934829
0.631579,3,90.937957
0.631579,3,90.941016
0.631579,3,90.944044
0.631579,3,90.94705
0.276316,2,90.949046
0.631579,3,90.951964
0.631579,3,90.954887
0.631579,3,90.957803
0.631579,3,90.960735
0.631579,3,90.963661
0.631579,3,90.966593
0.631579,3,90.969526
0.631579,3,90.972421
0.631579,3,90.975348
1.184211,5,90.980249
0.907895,4,90.989214
0.631579,3,90.992282
0.631579,3,90.99564
0.907895,4,91.000242
0.631579,3,91.003157
0.631579,3,91.006087
0.631579,3,91.009007
0.631579,3,91.011936
0.907895,4,91.016019
0.631579,3,91.018955
0.631579,3,91.021885
0.631579,3,91.024889
0.631579,3,91.027851
0.907895,4,91.031819
0.631579,3,91.034712
0.631579,3,91.037586
0.907895,4,91.041479
0.907895,4,91.045403
0.631579,3,91.048378
0.631579,3,91.051333
0.631579,3,91.054287
0.631579,3,91.057234
0.631579,3,91.060198
0.631579,3,91.063183
0.631579,3,91.066174
0.631579,3,91.069168
0.631579,3,91.072159
0.907895,4,91.076055
0.631579,3,91.079045
0.631579,3,91.082056
1.184211,5,91.087124
0.631579,3,91.090131
0.631579,3,91.093148
0.631579,3,91.096156
0.631579,3,91.099199
0.631579,3,91.102237
0.631579,3,91.105279
0.907895,4,91.109312
0.631579,3,91.11234
0.631579,3,91.115347
0.631579,3,91.118359
0.631579,3,91.121342
0.631579,3,91.124331
0.631579,3,91.127302
0.631579,3,91.130277
0.631579,3,91.133212
0.631579,3,91.136286
0.631579,3,91.139296
0.631579,3,91.142316
0.631579,3,91.145371
0.631579,3,91.148367
0.631579,3,91.151357
0.631579,3,91.154354
0.631579,3,91.157369
0.631579,3,91.160399
0.631579,3,91.163414
0.631579,3,91.166444
0.631579,3,91.16949
0.631579,3,91.172497
0.631579,3,91.175497
0.631579,3,91.178516
0.631579,3,91.181542
0.631579,3,91.184538
0.631579,3,91.187541
0.631579,3,91.190477
0.631579,3,91.193432
0.631579,3,91.196398
0.276316,2,91.1984
0.631579,3,91.201373
0.631579,3,91.204325
0.631579,3,91.207283
0.631579,3,91.210282
0.631579,3,91.213285
0.631579,3,91.216287
0.631579,3,91.219275
0.631579,3,91.222173
0.631579,3,91.225091
0.631579,3,91.228008
0.631579,3,91.230914
0.907895,4,91.234789
0.631579,3,91.237738
0.631579,3,91.240653
0.631579,3,91.243623
0.907895,4,91.247608
0.631579,3,91.250564
0.631579,3,91.253512
0.631579,3,91.256448
0.631579,3,91.259393
0.907895,4,91.263283
0.631579,3,91.266224
0.631579,3,91.269158
0.631579,3,91.27213
0.907895,4,91.276121
0.631579,3,91.279081
0.631579,3,91.282054
0.631579,3,91.28504
0.631579,3,91.287975
0.631579,3,91.290871
0.631579,3,91.29385
0.631579,3,91.29682
0.631579,3,91.299751
0.631579,3,91.302671
0.631579,3,91.305598
0.631579,3,91.308519
0.631579,3,91.311399
0.631579,3,91.314296
0.631579,3,91.317269
0.631579,3,91.320225
0.631579,3,91.323185
0.631579,3,91.326153
0.631579,3,91.32912
0.907895,4,91.333011
0.631579,3,91.335943
0.631579,3,91.338897
0.631579,3,91.341848
0.631579,3,91.3448
0.631579,3,91.347794
0.631579,3,91.350729
0.631579,3,91.353717
0.631579,3,91.356669
0.631579,3,91.359582
0.631579,3,91.362533
0.631579,3,91.365501
0.631579,3,91.368442
1.184211,5,91.373272
0.631579,3,91.37607
0.631579,3,91.378883
0.631579,3,91.381724
0.631579,3,91.384618
0.276316,2,91.386461
0.631579,3,91.389339
0.631579,3,91.392192
0.631579,3,91.395053
1.184211,5,91.399925
0.631579,3,91.402909
0.631579,3,91.405864
0.907895,4,91.409843
0.631579,3,91.412828
0.631579,3,91.415884
0.631579,3,91.418872
0.907895,4,91.422785
0.631579,3,91.425718
0.631579,3,91.428715
0.631579,3,91.431742
0.631579,3,91.434766
0.631579,3,91.437786
0.631579,3,91.440794
0.631579,3,91.443822
0.631579,3,91.446848
0.631579,3,91.449833
0.631579,3,91.452802
0.631579,3,91.455813
0.631579,3,91.458833
0.907895,4,91.462787
0.631579,3,99.177075
0.631579,3,99.181321
0.631579,3,99.185538
0.631579,3,99.189375
0.631579,3,99.19435
0.631579,3,99.199463
0.631579,3,99.204936
0.631579,3,99.208952
0.907895,4,99.213052
0.631579,3,99.216158
0.631579,3,99.221182
0.631579,3,99.225477
0.631579,3,99.230528
0.631579,3,99.234762
0.631579,3,99.238895
0.907895,4,99.243851
0.631579,3,99.247628
0.631579,3,99.251638
0.631579,3,99.255879
0.631579,3,99.25959
1.184211,5,99.265563
0.631579,3,99.269889
0.631579,3,99.274179
0.631579,3,99.278373
0.631579,3,99.282787
0.631579,3,99.28699
0.631579,3,99.289977
0.631579,3,99.292876
0.631579,3,99.295712
0.907895,4,99.299695
0.631579,3,99.302567
0.631579,3,99.305638
0.631579,3,99.308784
0.631579,3,99.311837
0.631579,3,99.314788
0.631579,3,99.317681
0.631579,3,99.320704
0.631579,3,99.323637
0.631579,3,99.326477
0.631579,3,99.329335
0.631579,3,99.332167
0.631579,3,99.335023
0.631579,3,99.337898
0.631579,3,99.340676
0.631579,3,99.343471
0.631579,3,99.346856
0.631579,3,99.350147
0.907895,4,99.354504
0.631579,3,99.357747
0.631579,3,99.360985
0.631579,3,99.364209
0.631579,3,99.367414
0.631579,3,99.370398
0.631579,3,99.373252
0.631579,3,99.376225
0.907895,4,99.380159
0.631579,3,99.383094
0.631579,3,99.386053
0.631579,3,99.389018
0.631579,3,99.391976
0.631579,3,99.394938
0.907895,4,99.399582
0.631579,3,99.403836
0.631579,3,99.407914
0.907895,4,99.412109
0.631579,3,99.415078
0.631579,3,99.418036
0.631579,3,99.421019
0.631579,3,99.423956
0.631579,3,99.42686
0.631579,3,99.429781
0.631579,3,99.432911
0.631579,3,99.435765
0.631579,3,99.438578
0.631579,3,99.441345
0.631579,3,99.444075
0.631579,3,99.446944
0.631579,3,99.449795
0.631579,3,99.452641
0.631579,3,99.455488
0.631579,3,99.458385
0.631579,3,99.461279
0.631579,3,99.464116
0.631579,3,99.466901
0.631579,3,99.469696
0.631579,3,99.472511
0.631579,3,99.4753
0.631579,3,99.478061
0.907895,4,99.481792
0.631579,3,99.484636
0.631579,3,99.487458
0.631579,3,99.49031
0.631579,3,99.49316
0.907895,4,99.497
0.631579,3,99.499848
0.631579,3,99.502659
0.631579,3,99.50546
0.631579,3,99.508292
0.631579,3,99.511106
0.907895,4,99.514917
0.631579,3,99.517632
0.631579,3,99.520353
0.631579,3,99.523153
0.631579,3,99.526058
0.631579,3,99.528957
0.907895,4,99.532801
0.907895,4,99.536644
0.631579,3,99.539616
0.631579,3,99.542591
0.631579,3,99.545578
0.631579,3,99.548484
0.631579,3,99.551383
0.631579,3,99.554293
0.631579,3,99.557194
0.631579,3,99.560147
0.631579,3,99.563048
0.631579,3,99.565943
0.631579,3,99.56885
0.631579,3,99.571745
0.631579,3,99.574656
0.631579,3,99.577561
0.907895,4,99.58145
0.631579,3,99.584356
0.631579,3,99.587245
0.631579,3,99.590188
0.631579,3,99.593032
0.631579,3,99.595947
0.631579,3,99.598826
0.631579,3,99.60172
0.631579,3,99.604651
0.631579,3,99.607575
0.631579,3,99.610473
0.631579,3,99.613406
0.631579,3,99.616382
0.631579,3,99.619207
0.631579,3,99.622004
0.631579,3,99.624832
0.631579,3,99.627661
0.552632,3,99.630488
0.907895,4,99.634385
0.631579,3,99.637336
0.631579,3,99.64029
0.631579,3,99.643281
0.631579,3,99.64625
0.631579,3,99.649204
0.631579,3,99.652084
0.631579,3,99.655003
0.631579,3,99.657933
0.631579,3,99.660871
0.631579,3,99.663732
0.631579,3,99.666624
0.631579,3,99.669551
0.631579,3,99.672456
0.631579,3,99.675323
0.631579,3,99.678188
1.184211,5,99.682995
0.631579,3,99.685869
0.631579,3,99.688714
0.631579,3,99.691518
0.631579,3,99.694488
0.907895,4,99.698441
0.631579,3,99.701362
0.631579,3,99.70426
0.631579,3,99.707112
0.631579,3,99.709933
0.631579,3,99.712785
0.631579,3,99.715644
0.631579,3,99.718545
0.631579,3,99.721439
0.631579,3,99.724333
0.631579,3,99.727214
0.631579,3,99.730183
0.631579,3,99.733125
0.631579,3,99.736029
0.631579,3,99.738964
0.907895,4,99.742935
0.631579,3,99.74589
0.631579,3,99.748711
0.631579,3,99.751577
0.631579,3,99.754464
0.631579,3,99.757346
0.631579,3,99.760249
0.631579,3,99.763097
0.631579,3,99.765951
0.631579,3,99.768812
0.631579,3,99.77167
0.631579,3,99.774522
0.631579,3,99.77738
0.631579,3,99.780231
0.631579,3,99.783069
0.631579,3,99.785939
0.631579,3,99.788818
0.631579,3,99.791731
0.631579,3,99.794547
0.631579,3,99.797412
0.631579,3,99.800263
0.631579,3,99.803155
0.631579,3,99.805965
0.631579,3,99.808791
0.907895,4,99.812492
0.631579,3,99.815355
0.631579,3,99.818191
0.631579,3,99.821116
0.631579,3,99.824066
0.631579,3,99.827032
0.631579,3,99.829992
0.631579,3,99.832931
0.276316,2,99.834898
0.631579,3,99.837865
0.631579,3,99.84084
0.276316,2,99.842812
0.907895,4,99.846779
0.631579,3,99.849806
0.631579,3,99.852707
0.631579,3,99.855601
0.631579,3,99.858507
0.631579,3,99.861463
0.631579,3,99.864399
0.631579,3,99.867523
0.631579,3,99.870531
0.631579,3,99.873522
0.907895,4,99.877493
0.631579,3,99.880954
0.631579,3,99.88543
0.631579,3,99.889394
0.631579,3,99.893146
0.631579,3,99.896006
0.631579,3,99.898899
0.631579,3,99.901789
0.631579,3,99.904701
0.631579,3,99.907675
0.631579,3,99.910631
0.631579,3,99.913596
0.631579,3,99.916587
0.631579,3,99.91956
0.631579,3,99.92253
0.631579,3,99.925502
0.631579,3,99.928467
0.631579,3,99.931433
0.631579,3,99.93442
0.631579,3,99.937421
0.631579,3,99.940425
0.631579,3,99.943379
0.631579,3,99.946381
0.631579,3,99.949352
0.631579,3,99.952335
0.631579,3,99.955291
0.631579,3,99.958278
0.631579,3,99.961234
0.631579,3,99.969323
0.631579,3,99.972351
0.631579,3,99.976214
0.631579,3,99.980158
0.631579,3,99.984186
0.631579,3,99.987556
0.631579,3,99.990984
0.631579,3,99.993906
0.631579,3,99.996832
0.631579,3,99.999759
0.631579,3,100.002676
0.631579,3,100.005708
0.631579,3,100.008628
0.631579,3,100.011496
0.631579,3,100.014341
0.631579,3,100.017249
0.631579,3,100.020125
0.631579,3,100.02293
0.631579,3,100.025865
0.631579,3,100.02865
0.631579,3,100.031465
0.907895,4,100.035279
0.631579,3,100.038179
0.631579,3,100.041072
0.631579,3,100.043931
0.631579,3,100.046829
0.631579,3,100.049747
0.631579,3,100.052667
0.631579,3,100.055605
0.631579,3,100.05851
0.631579,3,100.061477
0.631579,3,100.064411
0.631579,3,100.067354
0.631579,3,100.070287
0.631579,3,100.073208
0.631579,3,100.076095
0.631579,3,100.078909
0.631579,3,100.081857
0.631579,3,100.084647
0.631579,3,100.08753
0.631579,3,100.090532
0.631579,3,100.093407
0.631579,3,100.096235
0.631579,3,100.099061
0.631579,3,100.101885
0.631579,3,100.104798
0.631579,3,100.107723
0.631579,3,100.110585
0.631579,3,100.113496
0.631579,3,100.116394
0.631579,3,100.119271
0.907895,4,100.123136
0.631579,3,100.126044
0.631579,3,100.128864
0.631579,3,100.131776
0.631579,3,100.134696
0.631579,3,100.137583
0.907895,4,100.141481
0.631579,3,100.144413
0.631579,3,100.147335
0.631579,3,100.150255
0.631579,3,100.153168
0.631579,3,100.156076
0.907895,4,100.159974
0.631579,3,100.162933
0.631579,3,100.16585
0.631579,3,100.168782
0.631579,3,100.171651
0.631579,3,100.174543
0.631579,3,100.177472
0.631579,3,100.180391
0.631579,3,100.183299
0.631579,3,100.186257
0.631579,3,100.189212
0.631579,3,100.192173
0.907895,4,100.196022
0.631579,3,100.198927
0.631579,3,100.201781
0.631579,3,100.204637
0.631579,3,100.207481
0.631579,3,100.210304
0.631579,3,100.213164
0.631579,3,100.216019
0.631579,3,100.218913
0.631579,3,100.221761
0.631579,3,100.22473
0.631579,3,100.22764
0.631579,3,100.230451
0.631579,3,100.233302
0.631579,3,100.236186
0.631579,3,100.239057
0.631579,3,100.241947
0.631579,3,100.244823
0.631579,3,100.24773
0.631579,3,100.250668
0.631579,3,100.253536
0.631579,3,100.256405
0.631579,3,100.259354
0.631579,3,100.26231
0.631579,3,100.265211
0.907895,4,100.269053
0.631579,3,100.271904
0.631579,3,100.274729
0.631579,3,100.277559
0.631579,3,100.280425
0.631579,3,100.283233
0.631579,3,100.286039
0.631579,3,100.289565
0.631579,3,100.294451
0.631579,3,100.298017
0.631579,3,100.300748
0.631579,3,100.3036
0.631579,3,100.306533
0.631579,3,100.309468
0.631579,3,100.312352
0.907895,4,100.316258
0.631579,3,100.319181
0.631579,3,100.322112
0.552632,3,100.3251
0.631579,3,100.328065
0.907895,4,100.332001
0.631579,3,100.334958
0.631579,3,100.337924
0.631579,3,100.340889
0.631579,3,100.343854
0.631579,3,100.346655
0.631579,3,100.349569
0.631579,3,100.352519
0.631579,3,100.355452
0.631579,3,100.358334
0.631579,3,100.361225
0.631579,3,100.364071
0.631579,3,100.366949
0.631579,3,100.369724
0.631579,3,100.372485
0.907895,4,100.376176
0.907895,4,100.379911
0.631579,3,100.382782
0.907895,4,100.386672
0.631579,3,100.389756
0.631579,3,100.392651
0.631579,3,100.395644
0.631579,3,100.398878
0.907895,4,100.40279
0.631579,3,100.405512
0.631579,3,100.408324
0.631579,3,100.411128
0.631579,3,100.413865
0.631579,3,100.416718
0.631579,3,100.419514
0.631579,3,100.422374
0.631579,3,100.425148
0.631579,3,100.427992
0.907895,4,100.431785
0.631579,3,100.434633
0.631579,3,100.437488
0.631579,3,100.440398
0.631579,3,100.443312
0.631579,3,100.446202
0.631579,3,100.449121
0.907895,4,100.453056
0.631579,3,100.456011
0.631579,3,100.458968
0.631579,3,100.461983
0.631579,3,100.464931
0.631579,3,100.467882
0.631579,3,100.470822
0.631579,3,100.473703
0.631579,3,100.476621
0.631579,3,100.479516
0.631579,3,100.482464
0.631579,3,100.485434
0.907895,4,100.489361
0.631579,3,100.492226
0.631579,3,100.495063
0.631579,3,100.497921
0.631579,3,100.500915
0.631579,3,100.503696
0.631579,3,100.506538
0.631579,3,100.50952
0.631579,3,100.5123
0.631579,3,100.51514
0.631579,3,100.518079
0.631579,3,100.520938
0.631579,3,100.523792
0.631579,3,100.52664
0.631579,3,100.529463
0.907895,4,100.53323
0.631579,3,100.536116
0.631579,3,100.539016
0.631579,3,100.541984
0.631579,3,100.544913
0.631579,3,100.547802
1.460526,6,100.553565
0.631579,3,100.556465
0.631579,3,100.55934
0.631579,3,100.562229
0.631579,3,100.565092
0.907895,4,100.568843
0.907895,4,100.572661
0.631579,3,100.575551
0.631579,3,100.578435
0.631579,3,100.58132
0.631579,3,100.584195
0.631579,3,100.587062
0.631579,3,100.589943
0.631579,3,100.592763
0.631579,3,100.595588
0.631579,3,100.598524
0.907895,4,100.602338
0.631579,3,100.605233
0.631579,3,100.60814
0.631579,3,100.611027
0.631579,3,100.613897
0.907895,4,100.61755
0.631579,3,100.620336
0.631579,3,100.623142
0.631579,3,100.625991
0.907895,4,100.629792
0.631579,3,100.632574
0.631579,3,100.635383
0.631579,3,100.638181
0.631579,3,100.640957
0.631579,3,100.643721
0.631579,3,100.646498
0.631579,3,100.649317
0.631579,3,100.652123
0.631579,3,100.654931
0.907895,4,100.658724
0.631579,3,100.661603
0.631579,3,100.664441
0.631579,3,100.667304
0.631579,3,100.670172
0.631579,3,100.673027
0.631579,3,100.675846
0.631579,3,100.678699
0.631579,3,100.681539
0.631579,3,100.684377
0.631579,3,100.687205
0.631579,3,100.689993
0.631579,3,100.692792
1.184211,5,100.697344
0.631579,3,100.700097
0.631579,3,100.702908
0.631579,3,100.705703
0.631579,3,100.708514
0.631579,3,100.711313
0.631579,3,100.714066
0.631579,3,100.71679
0.631579,3,100.7196
0.631579,3,100.722464
0.631579,3,100.72529
0.631579,3,100.728085
0.631579,3,100.730943
0.631579,3,100.733744
0.631579,3,100.736594
0.631579,3,100.739401
0.907895,4,100.743255
0.631579,3,100.746036
0.631579,3,100.748835
0.631579,3,100.751634
0.631579,3,100.754424
0.631579,3,100.757221
0.631579,3,100.760018
0.907895,4,100.763878
0.631579,3,100.766744
0.631579,3,100.769619
1.184211,5,100.774413
0.631579,3,100.777301
0.631579,3,100.780168
0.631579,3,100.782896
0.631579,3,100.785763
0.631579,3,100.788569
0.631579,3,100.791529
0.631579,3,100.794471
0.631579,3,100.797419
0.907895,4,100.801193
0.631579,3,100.804019
0.631579,3,100.806873
0.631579,3,100.809719
0.631579,3,100.812558
0.631579,3,100.815405
0.631579,3,100.818255
0.631579,3,100.821144
0.631579,3,100.824005
0.907895,4,100.827828
0.631579,3,100.830616
0.631579,3,100.833474
0.631579,3,100.83634
0.631579,3,100.839219
0.631579,3,100.842105
0.631579,3,100.844999
0.631579,3,100.847855
0.907895,4,100.85152
0.631579,3,100.854289
0.631579,3,100.857087
0.631579,3,100.859842
0.631579,3,100.862676
0.631579,3,100.865495
0.907895,4,100.86923
0.631579,3,100.871939
0.631579,3,100.87481
0.631579,3,100.877646
0.907895,4,100.881457
0.631579,3,100.884333
0.631579,3,100.887207
0.631579,3,100.890157
0.631579,3,100.893087
0.631579,3,100.89598
0.631579,3,100.898736
0.631579,3,100.901557
0.631579,3,100.904376
0.907895,4,100.908243
0.631579,3,100.911167
0.631579,3,100.914087
0.631579,3,100.916995
0.631579,3,100.919751
0.631579,3,100.922633
0.631579,3,100.925417
0.631579,3,100.928216
0.631579,3,100.931046
0.631579,3,100.933881
0.631579,3,100.936714
0.631579,3,100.939512
0.907895,4,100.943284
0.631579,3,100.946082
0.631579,3,100.948901
0.631579,3,100.95161
0.631579,3,100.954383
0.631579,3,100.957229
0.631579,3,100.960029
0.631579,3,100.962848
0.631579,3,100.96569
0.631579,3,100.968507
0.631579,3,100.971302
0.631579,3,100.974131
0.631579,3,100.976956
0.631579,3,100.979723
0.631579,3,100.982517
0.631579,3,100.985386
0.631579,3,100.988261
0.631579,3,100.99111
0.631579,3,100.993944
0.631579,3,100.996794
0.631579,3,100.999578
0.631579,3,101.002386
0.631579,3,101.00518
0.631579,3,101.007973
0.276316,2,101.009917
0.631579,3,101.012786
0.907895,4,101.016579
0.907895,4,101.020476
0.631579,3,101.02336
0.631579,3,101.02623
0.631579,3,101.029042
0.631579,3,101.03179
0.631579,3,101.034534
0.631579,3,101.037257
0.907895,4,101.041088
0.631579,3,101.04393
0.631579,3,101.046809
0.631579,3,101.049666
0.631579,3,101.052545
0.631579,3,101.055461
0.631579,3,101.058371
0.631579,3,101.061323
0.631579,3,101.064226
0.907895,4,101.068125
0.907895,4,101.071895
0.631579,3,101.074737
0.631579,3,101.07763
0.631579,3,101.080566
0.631579,3,101.083417
0.631579,3,101.086264
0.631579,3,101.089103
0.631579,3,101.091947
0.631579,3,101.094799
0.631579,3,101.097636
0.631579,3,101.100474
0.907895,4,101.104169
0.631579,3,101.106946
0.631579,3,101.109798
0.631579,3,101.112714
0.907895,4,101.116516
0.631579,3,101.119351
0.631579,3,101.122198
0.631579,3,101.125056
0.631579,3,101.127923
0.631579,3,101.130777
0.907895,4,101.134518
0.631579,3,101.137313
0.631579,3,101.140114
0.631579,3,101.142914
0.631579,3,101.145777
0.631579,3,101.148631
0.907895,4,101.152471
0.631579,3,101.155331
0.631579,3,101.158207
0.631579,3,101.161082
0.631579,3,101.163977
0.631579,3,101.166802
0.631579,3,101.169641
0.631579,3,101.177666
0.631579,3,101.180722
0.631579,3,101.183723
0.631579,3,101.186591
0.631579,3,101.189485
0.631579,3,101.19277
0.631579,3,101.195537
0.907895,4,101.199454
0.631579,3,101.202348
0.907895,4,108.762276
0.631579,3,108.765269
0.631579,3,108.768358
0.631579,3,108.771543
0.631579,3,108.774614
0.631579,3,108.777838
0.631579,3,108.781132
0.631579,3,108.784311
0.631579,3,108.78747
0.631579,3,108.790668
1.184211,5,108.795892
0.631579,3,108.799048
0.631579,3,108.802174
0.631579,3,108.805345
0.631579,3,108.808376
0.631579,3,108.811561
0.631579,3,108.815596
0.907895,4,108.821269
0.631579,3,108.825315
0.631579,3,108.828517
0.631579,3,108.832671
0.631579,3,108.835814
0.631579,3,108.838806
0.631579,3,108.841855
1.184211,5,108.84887
0.631579,3,108.853109
0.631579,3,108.856462
0.631579,3,108.85991
0.631579,3,108.863002
0.631579,3,108.866167
0.631579,3,108.869306
0.907895,4,108.873417
0.631579,3,108.876437
0.631579,3,108.879475
0.631579,3,108.882518
0.631579,3,108.88555
0.631579,3,108.888587
0.631579,3,108.89161
0.631579,3,108.894769
0.631579,3,108.897876
0.631579,3,108.900875
0.631579,3,108.903912
0.631579,3,108.906973
0.631579,3,108.909943
0.631579,3,108.912924
0.631579,3,108.915926
0.631579,3,108.918884
0.631579,3,108.921821
0.631579,3,108.924792
0.631579,3,108.927735
0.631579,3,108.930704
0.631579,3,108.933699
0.631579,3,108.936803
0.631579,3,108.939759
0.631579,3,108.942696
0.631579,3,108.945616
0.631579,3,108.948625
0.631579,3,108.951564
0.631579,3,108.954525
0.631579,3,108.957392
0.907895,4,108.961261
0.631579,3,108.964175
0.631579,3,108.967038
0.631579,3,108.969884
0.631579,3,108.972736
0.631579,3,108.975643
0.631579,3,108.978554
0.631579,3,108.981482
0.631579,3,108.984406
0.907895,4,108.988315
0.631579,3,108.991192
0.631579,3,108.994022
0.631579,3,108.996875
0.907895,4,109.000735
0.631579,3,109.003563
0.631579,3,109.006416
0.631579,3,109.009269
0.631579,3,109.012204
0.907895,4,109.016021
0.631579,3,109.018896
0.631579,3,109.021794
0.631579,3,109.024651
0.631579,3,109.027538
0.907895,4,109.031368
0.907895,4,109.035222
0.907895,4,109.039049
0.631579,3,109.041831
0.907895,4,109.045635
0.631579,3,109.04852
0.631579,3,109.051376
0.631579,3,109.054265
0.907895,4,109.058098
0.631579,3,109.060984
0.631579,3,109.063835
0.631579,3,109.066692
0.631579,3,109.069585
0.631579,3,109.072477
0.631579,3,109.075443
0.631579,3,109.07843
0.631579,3,109.081354
0.631579,3,109.084276
0.631579,3,109.087161
0.631579,3,109.090074
0.631579,3,109.092989
0.631579,3,109.095873
0.631579,3,109.09878
0.907895,4,109.102633
0.907895,4,109.106564
0.907895,4,109.110518
0.631579,3,109.113531
0.631579,3,109.116394
0.631579,3,109.119297
0.631579,3,109.122205
0.631579,3,109.12512
0.631579,3,109.128025
0.631579,3,109.130913
0.631579,3,109.133793
0.631579,3,109.136626
0.631579,3,109.13952
0.907895,4,109.143369
0.631579,3,109.146247
0.631579,3,109.149112
0.631579,3,109.151983
0.631579,3,109.154861
0.631579,3,109.157787
0.631579,3,109.160725
0.631579,3,109.163666
0.631579,3,109.166598
0.907895,4,109.170504
0.631579,3,109.17341
0.631579,3,109.176337
0.631579,3,109.179306
0.631579,3,109.182314
0.631579,3,109.185266
0.631579,3,109.188205
0.631579,3,109.191106
0.631579,3,109.194044
0.631579,3,109.196973
0.907895,4,109.200897
0.631579,3,109.203832
0.631579,3,109.206621
0.631579,3,109.209566
0.907895,4,109.213583
0.631579,3,109.216493
0.631579,3,109.219397
0.631579,3,109.222286
0.631579,3,109.225144
0.631579,3,109.227922
0.631579,3,109.230872
0.631579,3,109.233795
0.631579,3,109.236709
0.631579,3,109.23959
0.631579,3,109.242526
0.631579,3,109.245435
0.631579,3,109.248244
0.907895,4,109.252061
0.631579,3,109.254965
0.631579,3,109.257787
0.631579,3,109.260668
0.631579,3,109.263556
0.631579,3,109.266384
0.907895,4,109.271697
0.631579,3,109.276545
0.631579,3,109.279474
0.631579,3,109.282423
0.631579,3,109.285419
0.631579,3,109.28835
0.631579,3,109.291314
0.631579,3,109.294113
0.631579,3,109.297093
0.631579,3,109.29998
0.631579,3,109.302954
0.631579,3,109.305888
0.631579,3,109.308781
0.631579,3,109.311777
0.631579,3,109.314836
1.184211,5,109.319696
0.631579,3,109.322564
0.631579,3,109.325408
0.631579,3,109.328259
0.631579,3,109.331163
0.631579,3,109.334108
0.631579,3,109.336987
0.631579,3,109.339875
0.631579,3,109.342847
0.631579,3,109.3458
0.631579,3,109.34877
0.631579,3,109.351824
0.631579,3,109.354658
0.907895,4,109.358558
0.631579,3,109.361448
0.631579,3,109.364392
0.631579,3,109.367307
0.631579,3,109.370196
0.631579,3,109.372959
0.631579,3,109.375792
0.631579,3,109.378652
0.631579,3,109.38168
0.631579,3,109.384642
0.631579,3,109.387596
0.631579,3,109.390605
0.907895,4,109.394747
0.631579,3,109.397771
0.631579,3,109.400756
0.631579,3,109.403659
0.631579,3,109.406603
0.631579,3,109.409545
0.907895,4,109.413599
0.631579,3,109.416667
0.631579,3,109.419684
0.631579,3,109.422654
0.631579,3,109.426699
0.631579,3,109.430991
0.631579,3,109.434751
0.631579,3,109.438429
0.631579,3,109.441489
0.631579,3,109.44447
0.631579,3,109.447357
0.631579,3,109.450223
0.907895,4,109.454026
0.907895,4,109.457906
0.631579,3,109.460931
0.631579,3,109.463878
0.631579,3,109.468158
0.631579,3,109.473652
0.631579,3,109.478134
0.631579,3,109.482148
0.631579,3,109.485796
0.631579,3,109.488856
0.907895,4,109.492895
0.631579,3,109.495862
0.631579,3,109.49878
0.631579,3,109.501838
0.631579,3,109.504806
0.631579,3,109.507601
0.631579,3,109.510595
0.631579,3,109.513506
0.631579,3,109.516495
0.631579,3,109.519475
0.631579,3,109.522391
0.631579,3,109.525349
0.631579,3,109.52828
0.631579,3,109.53128
0.276316,2,109.533252
0.631579,3,109.536139
0.631579,3,109.538997
0.631579,3,109.541748
0.631579,3,109.544657
0.631579,3,109.547544
0.631579,3,109.550411
0.631579,3,109.55328
0.631579,3,109.556148
0.631579,3,109.558903
0.631579,3,109.561685
0.907895,4,109.565471
0.631579,3,109.568272
0.631579,3,109.571058
0.631579,3,109.573994
0.631579,3,109.576938
0.631579,3,109.579805
0.631579,3,109.582669
0.631579,3,109.585533
0.907895,4,109.589373
0.631579,3,109.592206
0.631579,3,109.595006
0.631579,3,109.597872
0.907895,4,109.601716
0.631579,3,109.604574
0.631579,3,109.607413
0.631579,3,109.610366
0.631579,3,109.613352
0.631579,3,109.616283
0.631579,3,109.619146
0.631579,3,109.622013
0.907895,4,109.625886
0.631579,3,109.628797
0.631579,3,109.631722
0.631579,3,109.634581
0.631579,3,109.63748
0.631579,3,109.640379
0.631579,3,109.643246
0.631579,3,109.646131
0.907895,4,109.649987
0.631579,3,109.652863
0.631579,3,109.655732
0.907895,4,109.659616
0.907895,4,109.66342
0.631579,3,109.666342
0.631579,3,109.669255
0.631579,3,109.672167
0.631579,3,109.675036
0.631579,3,109.677935
0.631579,3,109.68081
0.631579,3,109.683629
0.631579,3,109.686502
0.907895,4,109.690222
0.631579,3,109.69302
0.631579,3,109.695746
0.631579,3,109.698523
0.631579,3,109.701314
0.907895,4,109.705147
0.631579,3,109.708034
0.631579,3,109.710825
0.631579,3,109.713649
0.631579,3,109.716448
0.907895,4,109.720255
0.631579,3,109.723073
0.631579,3,109.726022
0.631579,3,109.728951
0.631579,3,109.731889
0.907895,4,109.735715
0.631579,3,109.738557
0.631579,3,109.741428
0.631579,3,109.744342
0.631579,3,109.747282
0.631579,3,109.750105
0.631579,3,109.752852
0.631579,3,109.755607
0.631579,3,109.758393
0.631579,3,109.761259
0.631579,3,109.764159
0.631579,3,109.767036
0.907895,4,109.770878
1.460526,6,109.776725
0.631579,3,109.779537
0.907895,4,109.78345
0.631579,3,109.786305
0.631579,3,109.789155
0.631579,3,109.79197
0.631579,3,109.794811
0.631579,3,109.797675
0.631579,3,109.800504
0.631579,3,109.803366
0.631579,3,109.806215
0.631579,3,109.8091
0.631579,3,109.812021
0.631579,3,109.814951
0.907895,4,109.81878
0.631579,3,109.821735
0.631579,3,109.824687
0.631579,3,109.827592
0.631579,3,109.830579
0.907895,4,109.834353
0.631579,3,109.837201
0.907895,4,109.841056
0.631579,3,109.843875
0.631579,3,109.846732
0.631579,3,109.849666
0.631579,3,109.852546
0.631579,3,109.855432
0.907895,4,109.859299
0.631579,3,109.86232
0.631579,3,109.865315
0.631579,3,109.868231
0.631579,3,109.87106
0.631579,3,109.873962
0.631579,3,109.876982
0.631579,3,109.879896
0.631579,3,109.882758
0.631579,3,109.885614
0.631579,3,109.888474
0.631579,3,109.891359
0.631579,3,109.894236
0.631579,3,109.897138
0.631579,3,109.89996
0.907895,4,109.903586
0.631579,3,109.906385
0.631579,3,109.909224
0.631579,3,109.912047
0.631579,3,109.914885
0.631579,3,109.917711
0.631579,3,109.920626
0.631579,3,109.923538
0.631579,3,109.926421
0.631579,3,109.92931
0.631579,3,109.932249
0.631579,3,109.935143
0.631579,3,109.938045
0.631579,3,109.940944
0.631579,3,109.9438
0.631579,3,109.946726
0.631579,3,109.949611
0.631579,3,109.952437
0.631579,3,109.955358
0.631579,3,109.958196
0.631579,3,109.961104
0.631579,3,109.963917
0.631579,3,109.966713
0.631579,3,109.969544
0.631579,3,109.977541
0.631579,3,109.980562
0.631579,3,109.983899
0.631579,3,109.98691
0.631579,3,109.989855
0.631579,3,109.99292
0.631579,3,109.995968
0.907895,4,110.000597
0.631579,3,110.003654
0.631579,3,110.006647
0.907895,4,110.010617
0.631579,3,110.013805
0.907895,4,110.017666
0.631579,3,110.020617
0.631579,3,110.023568
0.631579,3,110.026545
0.631579,3,110.029506
0.631579,3,110.032489
0.631579,3,110.035406
0.631579,3,110.03837
0.631579,3,110.041334
0.631579,3,110.044271
0.631579,3,110.047206
0.631579,3,110.050166
0.631579,3,110.053162
0.631579,3,110.056141
0.907895,4,110.060129
0.631579,3,110.063076
0.631579,3,110.06612
0.631579,3,110.06906
0.631579,3,110.072001
0.631579,3,110.074934
0.631579,3,110.077876
0.631579,3,110.080786
0.631579,3,110.083683
0.631579,3,110.086589
0.631579,3,110.08955
0.631579,3,110.092497
0.631579,3,110.095418
0.907895,4,110.099362
0.631579,3,110.102294
0.631579,3,110.105222
0.907895,4,110.109162
0.631579,3,110.112016
0.631579,3,110.114901
0.631579,3,110.117751
0.631579,3,110.120627
0.631579,3,110.123532
0.631579,3,110.126384
0.631579,3,110.129175
0.631579,3,110.131969
0.631579,3,110.134747
0.631579,3,110.137567
0.631579,3,110.140404
0.631579,3,110.143318
0.631579,3,110.146275
0.631579,3,110.149251
0.631579,3,110.152138
0.631579,3,110.155093
0.631579,3,110.157973
0.631579,3,110.160903
0.631579,3,110.163853
0.631579,3,110.166724
0.631579,3,110.169623
0.631579,3,110.172497
0.631579,3,110.17542
0.631579,3,110.178369
0.631579,3,110.181391
0.631579,3,110.184409
0.631579,3,110.187417
0.631579,3,110.19043
0.631579,3,110.193398
0.631579,3,110.19822
0.631579,3,110.203123
0.631579,3,110.206478
0.631579,3,110.209412
0.631579,3,110.212471
0.631579,3,110.215503
0.631579,3,110.218456
0.631579,3,110.221463
0.631579,3,110.224477
0.631579,3,110.227474
0.631579,3,110.23047
0.631579,3,110.233446
0.631579,3,110.236456
0.631579,3,110.239435
0.631579,3,110.242422
0.631579,3,110.245358
0.631579,3,110.24829
0.907895,4,110.252254
0.631579,3,110.255249
0.631579,3,110.258263
0.631579,3,110.261351
0.907895,4,110.265329
0.631579,3,110.268304
0.631579,3,110.2712
0.631579,3,110.274109
0.631579,3,110.277075
0.631579,3,110.280018
0.631579,3,110.282984
0.631579,3,110.285939
0.631579,3,110.288759
0.631579,3,110.291667
0.631579,3,110.294565
0.631579,3,110.297474
0.631579,3,110.30038
0.631579,3,110.30325
0.631579,3,110.306158
0.907895,4,110.309837
0.907895,4,110.313653
0.631579,3,110.316507
0.631579,3,110.319263
0.631579,3,110.322255
0.631579,3,110.325163
0.631579,3,110.32805
0.631579,3,110.331005
0.631579,3,110.333853
0.631579,3,110.336777
0.631579,3,110.339701
0.631579,3,110.342551
0.631579,3,110.345408
0.907895,4,110.349266
0.631579,3,110.352196
0.631579,3,110.355124
0.631579,3,110.358091
0.631579,3,110.361048
0.631579,3,110.363969
0.631579,3,110.366912
0.631579,3,110.369847
0.631579,3,110.372748
0.631579,3,110.375615
0.631579,3,110.378599
0.631579,3,110.381531
0.631579,3,110.384383
0.631579,3,110.387333
0.631579,3,110.390319
0.907895,4,110.394325
0.631579,3,110.397302
0.631579,3,110.400283
0.631579,3,110.403178
0.631579,3,110.406085
0.631579,3,110.408993
0.631579,3,110.411947
0.631579,3,110.414886
0.631579,3,110.417805
0.631579,3,110.420705
0.631579,3,110.423616
0.631579,3,110.426533
0.631579,3,110.429411
0.631579,3,110.432397
0.631579,3,110.435376
0.907895,4,110.439356
0.631579,3,110.442356
0.907895,4,110.44632
0.907895,4,110.450369
0.631579,3,110.453382
0.631579,3,110.456398
0.631579,3,110.459393
0.631579,3,110.462391
0.631579,3,110.465401
0.631579,3,110.468403
0.631579,3,110.471385
0.631579,3,110.474371
0.631579,3,110.47739
0.631579,3,110.480377
0.631579,3,110.483358
0.631579,3,110.486319
0.631579,3,110.489288
0.631579,3,110.492264
0.631579,3,110.495235
0.631579,3,110.498148
0.631579,3,110.501054
0.631579,3,110.503901
0.631579,3,110.50675
0.631579,3,110.509618
0.631579,3,110.512504
0.631579,3,110.515352
0.631579,3,110.5183
0.631579,3,110.52117
0.631579,3,110.52402
0.631579,3,110.526894
0.631579,3,110.529786
0.907895,4,110.533772
0.631579,3,110.536761
0.631579,3,110.539739
0.631579,3,110.542724
0.631579,3,110.546969
0.631579,3,110.551394
0.631579,3,110.555424
0.631579,3,110.558983
0.631579,3,110.561969
0.631579,3,110.565002
0.631579,3,110.567963
0.907895,4,110.572007
0.631579,3,110.574972
0.631579,3,110.577937
0.631579,3,110.580907
0.631579,3,110.584506
0.631579,3,110.589318
0.631579,3,110.593283
0.631579,3,110.597222
0.631579,3,110.600127
0.631579,3,110.603006
0.631579,3,110.605901
0.631579,3,110.608824
0.631579,3,110.611737
0.631579,3,110.614742
0.631579,3,110.617751
0.907895,4,110.621728
0.631579,3,110.624714
0.631579,3,110.627695
0.631579,3,110.630697
0.631579,3,110.633666
0.907895,4,110.637485
0.631579,3,110.640377
0.631579,3,110.643305
0.631579,3,110.646231
0.631579,3,110.649166
0.631579,3,110.652096
0.631579,3,110.655031
0.631579,3,110.657895
0.631579,3,110.660787
0.631579,3,110.663654
0.631579,3,110.666627
0.631579,3,110.669581
0.631579,3,110.672548
0.631579,3,110.675539
0.631579,3,110.678587
0.907895,4,110.6826
0.631579,3,110.685498
0.631579,3,110.688399
0.631579,3,110.691272
0.631579,3,110.694157
0.631579,3,110.697031
0.631579,3,110.699925
0.631579,3,110.70281
0.631579,3,110.705681
0.631579,3,110.708589
0.907895,4,110.712401
0.631579,3,110.715384
0.631579,3,110.718342
0.631579,3,110.721304
0.631579,3,110.72429
0.907895,4,110.728244
0.631579,3,110.73123
0.631579,3,110.734188
0.631579,3,110.737143
0.631579,3,110.740142
0.631579,3,110.743113
0.631579,3,110.746064
0.631579,3,110.749183
0.631579,3,110.752163
0.907895,4,110.756123
0.631579,3,110.759031
0.631579,3,110.762126
0.631579,3,110.765132
0.631579,3,110.768111
0.631579,3,110.771056
0.631579,3,110.773876
0.631579,3,110.776699
0.631579,3,110.779506
0.631579,3,110.782331
0.631579,3,110.78524
0.631579,3,110.788136
0.631579,3,110.791089
0.631579,3,110.794005
0.631579,3,110.796935
0.631579,3,110.799897
0.631579,3,118.552566
0.907895,4,118.55682
0.631579,3,118.562812
0.631579,3,118.568241
0.631579,3,118.573803
0.631579,3,118.57798
0.631579,3,118.581777
0.631579,3,118.586076
0.631579,3,118.590534
0.631579,3,118.594726
0.907895,4,118.60068
0.631579,3,118.604745
0.631579,3,118.607826
0.631579,3,118.610838
0.631579,3,118.61446
0.631579,3,118.618709
0.631579,3,118.623791
0.631579,3,118.627968
0.631579,3,118.631543
0.631579,3,118.635421
0.631579,3,118.638475
0.631579,3,118.642208
0.631579,3,118.646387
0.631579,3,118.650599
0.631579,3,118.654826
0.631579,3,118.658338
0.631579,3,118.661451
0.631579,3,118.664581
0.631579,3,118.667536
0.631579,3,118.670655
0.631579,3,118.673703
0.631579,3,118.676761
0.631579,3,118.679802
0.631579,3,118.682863
0.631579,3,118.686035
0.631579,3,118.690873
0.631579,3,118.69443
0.631579,3,118.697676
0.631579,3,118.702149
0.631579,3,118.707722
0.631579,3,118.711728
0.631579,3,118.71568
0.631579,3,118.719734
0.631579,3,118.72289
0.631579,3,118.725974
0.631579,3,118.730704
0.631579,3,118.735552
0.631579,3,118.739815
0.631579,3,118.743865
0.631579,3,118.746877
0.631579,3,118.750016
0.631579,3,118.753044
0.631579,3,118.756046
0.631579,3,118.75913
0.631579,3,118.762254
0.631579,3,118.765396
0.631579,3,118.768482
0.631579,3,118.7716
0.631579,3,118.77458
0.631579,3,118.777579
0.631579,3,118.780563
0.631579,3,118.783613
0.631579,3,118.786807
0.631579,3,118.790486
0.631579,3,118.793706
0.631579,3,118.796706
0.631579,3,118.799617
0.631579,3,118.802697
0.631579,3,118.805694
0.631579,3,118.808723
0.631579,3,118.811756
0.631579,3,118.814721
0.907895,4,118.81878
0.631579,3,118.821775
0.631579,3,118.8248
0.631579,3,118.827726
0.631579,3,118.830693
0.631579,3,118.834748
0.631579,3,118.837676
0.631579,3,118.8406
0.631579,3,118.843565
0.631579,3,118.846564
0.631579,3,118.849597
0.907895,4,118.853551
0.631579,3,118.856498
0.631579,3,118.85947
0.907895,4,118.863394
0.631579,3,118.866413
0.907895,4,118.870329
0.631579,3,118.873354
0.631579,3,118.87632
0.631579,3,118.87926
0.631579,3,118.882272
0.631579,3,118.885234
0.631579,3,118.888235
0.631579,3,118.891269
0.631579,3,118.89425
0.631579,3,118.897256
0.631579,3,118.900223
0.631579,3,118.90314
0.631579,3,118.906122
0.631579,3,118.909111
0.631579,3,118.912079
0.631579,3,118.915107
0.631579,3,118.918083
0.631579,3,118.921119
0.631579,3,118.924035
0.631579,3,118.926996
0.907895,4,118.930957
0.631579,3,118.933874
0.631579,3,118.936779
0.631579,3,118.939672
0.631579,3,118.942644
0.631579,3,118.945572
0.631579,3,118.948438
0.631579,3,118.951295
0.631579,3,118.954221
0.631579,3,118.957082
0.631579,3,118.959942
0.907895,4,118.963837
0.631579,3,118.966805
0.631579,3,118.970449
0.631579,3,118.974872
0.631579,3,118.978785
0.631579,3,118.982289
0.631579,3,118.98525
0.631579,3,118.988239
0.631579,3,118.991174
0.631579,3,118.994088
0.631579,3,118.996984
0.631579,3,118.999876
0.631579,3,119.002798
0.631579,3,119.005681
0.631579,3,119.008597
0.631579,3,119.01156
0.631579,3,119.01452
0.631579,3,119.017488
0.631579,3,119.020471
0.907895,4,119.029432
0.631579,3,119.03434
0.631579,3,119.040074
0.631579,3,119.043337
0.631579,3,119.04626
0.631579,3,119.049185
0.631579,3,119.052055
0.631579,3,119.054997
0.631579,3,119.057911
0.631579,3,119.060803
0.631579,3,119.063685
0.631579,3,119.066671
0.631579,3,119.069573
0.631579,3,119.072556
0.907895,4,119.076695
0.631579,3,119.079648
0.631579,3,119.082595
0.907895,4,119.086471
0.631579,3,119.089423
0.631579,3,119.092368
0.631579,3,119.095311
0.631579,3,119.098293
0.631579,3,119.101906
0.631579,3,119.106881
0.631579,3,119.110674
0.631579,3,119.113612
0.631579,3,119.117165
0.631579,3,119.121753
0.631579,3,119.125669
0.631579,3,119.128945
0.631579,3,119.131812
0.631579,3,119.134701
0.907895,4,119.138649
0.631579,3,119.141532
0.631579,3,119.144379
0.631579,3,119.147212
0.631579,3,119.150104
0.631579,3,119.15299
0.631579,3,119.155874
0.631579,3,119.158776
0.631579,3,119.161644
0.631579,3,119.164585
0.631579,3,119.167509
0.631579,3,119.170413
0.631579,3,119.173299
0.631579,3,119.176189
0.631579,3,119.17907
0.631579,3,119.183248
0.631579,3,119.188073
0.631579,3,119.19106
0.907895,4,119.194978
0.631579,3,119.197947
0.631579,3,119.200839
0.631579,3,119.203717
0.907895,4,119.207602
0.907895,4,119.211364
0.631579,3,119.214205
0.907895,4,119.21822
0.631579,3,119.221104
0.631579,3,119.223941
0.631579,3,119.22681
0.631579,3,119.229706
0.631579,3,119.232654
0.631579,3,119.235465
0.631579,3,119.238281
0.631579,3,119.241119
0.631579,3,119.243949
0.631579,3,119.246805
0.631579,3,119.249665
0.631579,3,119.252542
0.631579,3,119.255444
0.631579,3,119.258359
0.907895,4,119.262222
0.631579,3,119.265139
0.631579,3,119.267952
0.907895,4,119.271746
0.631579,3,119.274603
0.631579,3,119.277453
0.631579,3,119.280354
0.907895,4,119.284195
0.631579,3,119.287127
0.631579,3,119.290054
0.631579,3,119.292947
0.631579,3,119.295843
0.631579,3,119.298764
0.631579,3,119.301699
0.631579,3,119.304513
0.631579,3,119.307323
0.631579,3,119.310146
0.631579,3,119.313051
0.907895,4,119.316887
0.631579,3,119.319746
0.631579,3,119.322613
0.631579,3,119.325519
0.631579,3,119.328433
0.907895,4,119.332498
0.631579,3,119.337389
0.631579,3,119.341348
0.631579,3,119.345253
0.631579,3,119.34876
0.631579,3,119.35156
0.631579,3,119.354451
0.631579,3,119.357394
0.631579,3,119.36032
0.631579,3,119.363165
0.631579,3,119.36603
0.631579,3,119.368896
0.631579,3,119.371839
0.631579,3,119.374658
0.631579,3,119.377509
0.631579,3,119.380367
0.631579,3,119.383187
0.631579,3,119.386042
0.631579,3,119.388923
0.631579,3,119.391751
0.631579,3,119.394617
0.631579,3,119.397472
0.907895,4,119.40129
0.631579,3,119.40417
0.631579,3,119.407037
0.631579,3,119.40983
0.631579,3,119.412687
0.631579,3,119.415517
0.631579,3,119.418389
0.631579,3,119.421245
0.631579,3,119.424084
0.631579,3,119.426896
0.631579,3,119.429705
0.631579,3,119.432532
0.631579,3,119.435367
0.631579,3,119.438262
0.631579,3,119.441195
0.631579,3,119.44413
0.631579,3,119.447046
0.631579,3,119.449978
0.631579,3,119.452849
0.631579,3,119.455688
0.631579,3,119.458497
0.631579,3,119.461358
0.631579,3,119.464206
0.631579,3,119.467092
0.631579,3,119.469975
0.631579,3,119.4728
0.631579,3,119.475594
0.631579,3,119.478437
0.631579,3,119.481296
0.631579,3,119.48418
0.631579,3,119.487051
0.631579,3,119.489898
0.631579,3,119.492688
0.631579,3,119.495486
0.631579,3,119.498296
0.631579,3,119.501106
0.631579,3,119.503896
0.631579,3,119.506733
0.631579,3,119.509593
0.631579,3,119.512443
0.631579,3,119.515287
0.631579,3,119.518139
0.907895,4,119.521924
0.631579,3,119.524734
0.631579,3,119.527556
0.631579,3,119.530449
0.631579,3,119.533323
0.631579,3,119.536217
0.631579,3,119.539108
0.631579,3,119.542008
0.631579,3,119.544843
0.631579,3,119.547697
0.631579,3,119.550593
0.907895,4,119.554435
0.631579,3,119.557243
0.631579,3,119.560074
0.631579,3,119.562964
0.907895,4,119.566721
0.631579,3,119.569515
0.631579,3,119.572399
0.631579,3,119.57525
0.631579,3,119.578134
0.631579,3,119.581069
1.460526,6,119.586878
0.631579,3,119.589871
0.631579,3,119.592778
0.631579,3,119.5957
0.631579,3,119.598619
0.631579,3,119.601542
0.631579,3,119.60446
0.631579,3,119.607259
0.631579,3,119.610084
0.631579,3,119.612899
0.907895,4,119.616751
0.631579,3,119.619671
0.631579,3,119.622533
0.631579,3,119.625361
0.631579,3,119.628155
0.631579,3,119.631004
0.631579,3,119.633816
0.631579,3,119.636626
0.631579,3,119.639496
0.631579,3,119.642377
0.631579,3,119.645267
0.631579,3,119.648158
0.907895,4,119.651989
0.631579,3,119.654846
0.631579,3,119.657656
0.631579,3,119.66055
0.631579,3,119.663439
0.631579,3,119.666335
0.631579,3,119.669349
0.631579,3,119.672164
0.907895,4,119.675944
0.631579,3,119.678807
0.631579,3,119.681633
0.631579,3,119.684495
0.631579,3,119.687333
0.631579,3,119.690224
0.631579,3,119.693069
0.631579,3,119.695892
0.631579,3,119.6987
0.631579,3,119.701481
1.184211,5,119.706379
0.631579,3,119.709268
0.631579,3,119.712137
0.631579,3,119.715003
0.631579,3,119.717885
0.631579,3,119.720761
0.631579,3,119.723701
0.631579,3,119.726498
0.631579,3,119.72941
0.631579,3,119.732346
0.631579,3,119.735238
0.907895,4,119.739151
0.631579,3,119.742053
0.631579,3,119.744949
0.631579,3,119.747801
0.631579,3,119.75066
0.631579,3,119.753554
0.631579,3,119.756427
0.631579,3,119.759265
0.631579,3,119.762135
0.631579,3,119.764883
0.907895,4,119.768654
0.631579,3,119.771426
0.631579,3,119.774179
0.631579,3,119.776949
0.631579,3,119.7797
0.631579,3,119.782462
0.907895,4,119.786169
0.631579,3,119.789013
0.631579,3,119.791858
0.631579,3,119.794699
0.631579,3,119.797577
0.631579,3,119.800478
0.631579,3,119.803326
0.631579,3,119.806299
0.631579,3,119.809175
0.631579,3,119.812022
0.631579,3,119.814827
0.631579,3,119.817618
0.631579,3,119.820426
0.631579,3,119.823318
0.631579,3,119.826208
0.907895,4,119.830027
0.631579,3,119.832907
0.631579,3,119.835737
0.631579,3,119.838559
0.631579,3,119.841409
0.631579,3,119.844229
0.631579,3,119.847052
0.631579,3,119.849842
0.631579,3,119.852605
0.631579,3,119.855493
0.631579,3,119.858369
0.631579,3,119.861281
0.631579,3,119.864183
1.184211,5,119.869014
0.907895,4,119.872705
0.631579,3,119.875467
0.631579,3,119.878294
0.631579,3,119.881099
0.907895,4,119.88482
0.631579,3,119.887626
0.907895,4,119.891473
0.631579,3,119.894314
0.631579,3,119.897164
1.184211,5,119.901951
0.631579,3,119.904845
0.631579,3,119.907732
0.631579,3,119.910594
0.631579,3,119.913483
0.907895,4,119.917325
0.631579,3,119.920176
0.631579,3,119.92304
0.907895,4,119.926776
0.631579,3,119.929507
0.631579,3,119.932389
0.631579,3,119.935289
0.907895,4,119.939131
0.631579,3,119.942016
0.631579,3,119.944926
0.631579,3,119.947743
0.907895,4,119.9515
0.631579,3,119.954409
0.631579,3,119.95738
0.631579,3,119.960297
0.631579,3,119.963154
0.631579,3,119.966054
0.631579,3,119.968937
0.631579,3,119.971806
0.631579,3,119.974533
0.631579,3,119.977356
0.631579,3,119.980193
0.631579,3,119.983109
0.631579,3,119.986028
0.631579,3,119.988926
0.631579,3,119.991828
0.631579,3,119.994778
0.907895,4,119.998668
0.631579,3,120.00157
0.631579,3,120.004429
0.631579,3,120.007306
0.631579,3,120.010192
0.631579,3,120.013072
0.907895,4,120.016917
0.631579,3,120.019797
0.631579,3,120.022607
0.631579,3,120.02545
0.631579,3,120.028277
0.631579,3,120.031143
0.631579,3,120.03401
0.631579,3,120.036718
0.631579,3,120.039468
0.631579,3,120.042208
0.907895,4,120.045943
0.631579,3,120.048665
0.631579,3,120.051378
0.631579,3,120.054103
0.631579,3,120.056823
0.631579,3,120.05966
0.631579,3,120.062524
0.907895,4,120.066305
0.631579,3,120.069125
0.631579,3,120.072025
0.631579,3,120.074904
0.631579,3,120.07776
0.631579,3,120.080667
0.907895,4,120.084527
0.631579,3,120.087457
0.631579,3,120.090328
0.631579,3,120.093183
0.631579,3,120.096016
0.631579,3,120.098893
0.631579,3,120.101695
0.631579,3,120.104492
0.631579,3,120.107262
0.631579,3,120.110107
0.907895,4,120.11395
0.631579,3,120.116767
0.631579,3,120.119616
0.631579,3,120.122476
0.631579,3,120.125351
0.631579,3,120.128222
0.631579,3,120.131091
0.631579,3,120.134001
0.631579,3,120.13683
0.631579,3,120.139658
0.907895,4,120.143504
0.631579,3,120.146393
0.631579,3,120.149291
0.631579,3,120.152144
0.631579,3,120.155023
0.631579,3,120.157909
0.631579,3,120.160763
0.631579,3,120.163641
0.631579,3,120.166513
0.631579,3,120.16938
0.631579,3,120.172265
0.631579,3,120.175122
0.631579,3,120.177996
0.631579,3,120.180858
0.631579,3,120.183692
0.907895,4,120.187468
0.631579,3,120.190296
0.631579,3,120.193221
0.631579,3,120.196082
0.631579,3,120.198985
0.631579,3,120.20192
0.631579,3,120.204817
0.631579,3,120.207636
0.631579,3,120.210485
0.631579,3,120.213354
0.631579,3,120.216213
0.631579,3,120.219053
0.631579,3,120.22194
0.631579,3,120.224818
0.631579,3,120.227699
0.631579,3,120.230605
0.907895,4,120.234494
0.631579,3,120.237392
0.631579,3,120.240288
0.631579,3,120.243164
0.631579,3,120.251159
0.631579,3,120.254199
0.631579,3,120.257495
0.631579,3,120.2604
0.631579,3,120.263261
0.631579,3,120.266191
0.631579,3,120.26912
0.631579,3,120.272301
0.631579,3,120.275563
0.631579,3,120.27843
0.631579,3,120.281333
0.631579,3,120.284229
0.907895,4,120.288115
0.631579,3,120.291117
0.907895,4,120.294944
0.631579,3,120.297823
0.631579,3,120.300671
0.631579,3,120.303531
0.631579,3,120.306393
0.631579,3,120.309166
0.631579,3,120.31196
0.631579,3,120.314764
0.631579,3,120.317604
0.631579,3,120.3204
0.631579,3,120.323202
0.631579,3,120.326014
0.631579,3,120.328913
0.631579,3,120.331669
0.631579,3,120.334436
0.631579,3,120.33723
0.631579,3,120.340018
0.631579,3,120.342832
1.184211,5,120.347612
0.907895,4,120.351365
0.631579,3,120.354322
0.631579,3,120.35728
0.631579,3,120.360237
0.631579,3,120.363176
0.907895,4,120.367108
0.631579,3,120.370028
0.631579,3,120.37288
0.631579,3,120.37577
0.631579,3,120.378659
0.631579,3,120.381548
0.631579,3,120.384463
0.631579,3,120.387335
0.631579,3,120.390259
0.907895,4,120.394116
0.631579,3,120.396976
0.631579,3,120.399837
0.907895,4,120.403594
0.631579,3,120.406467
0.631579,3,120.409325
0.631579,3,120.412203
0.631579,3,120.415023
0.631579,3,120.417858
0.631579,3,120.420721
0.631579,3,120.423641
0.631579,3,120.426508
0.631579,3,120.429397
0.631579,3,120.432223
1.184211,5,120.436799
0.631579,3,120.439621
0.631579,3,120.44247
0.631579,3,120.445313
0.631579,3,120.448171
0.907895,4,120.451941
0.631579,3,120.454782
0.631579,3,120.457627
0.631579,3,120.460479
0.631579,3,120.463331
0.631579,3,120.466188
0.631579,3,120.469026
0.631579,3,120.471881
0.631579,3,120.474741
0.631579,3,120.477609
0.631579,3,120.480461
0.907895,4,120.484234
0.631579,3,120.48719
0.907895,4,120.4911
0.907895,4,120.495
0.631579,3,120.497902
0.631579,3,120.500782
0.631579,3,120.503661
0.631579,3,120.506508
0.631579,3,120.509371
0.631579,3,120.512248
0.631579,3,120.515101
0.631579,3,120.51785
0.631579,3,120.520624
0.631579,3,120.523503
0.907895,4,120.527312
0.631579,3,120.530149
0.631579,3,120.533056
0.631579,3,120.535946
0.631579,3,120.538819
0.631579,3,120.541716
0.631579,3,120.544616
0.631579,3,120.547467
0.631579,3,120.550341
0.631579,3,120.55322
0.631579,3,120.556146
0.631579,3,120.558994
0.631579,3,120.561838
0.631579,3,120.564683
0.631579,3,120.567483
0.631579,3,120.570303
0.631579,3,120.573201
0.631579,3,120.576044
0.631579,3,120.57889
0.907895,4,120.582629
0.631579,3,120.585483
0.631579,3,120.588306
0.631579,3,120.591192
0.631579,3,120.594066
0.631579,3,120.596925
0.631579,3,120.599774
0.631579,3,120.602611
0.631579,3,120.605462
0.631579,3,128.346893
0.631579,3,128.352549
0.631579,3,128.357534
0.631579,3,128.360627
0.631579,3,128.363668
0.631579,3,128.367029
0.631579,3,128.370946
0.631579,3,128.374948
0.631579,3,128.37935
0.631579,3,128.382577
0.907895,4,128.386709
0.631579,3,128.392746
0.631579,3,128.397297
0.631579,3,128.400976
0.631579,3,128.405429
0.631579,3,128.409428
0.907895,4,128.413811
0.631579,3,128.417493
0.631579,3,128.422409
0.631579,3,128.426715
0.631579,3,128.431488
0.631579,3,128.43569
0.631579,3,128.439006
0.631579,3,128.442137
0.631579,3,128.445749
0.631579,3,128.448952
0.631579,3,128.451992
0.907895,4,128.4558
0.631579,3,128.458741
0.631579,3,128.461831
0.631579,3,128.465088
0.631579,3,128.468347
0.631579,3,128.471306
0.631579,3,128.474366
0.631579,3,128.477314
0.631579,3,128.480406
0.631579,3,128.483424
0.631579,3,128.48662
0.631579,3,128.489765
0.631579,3,128.492773
0.631579,3,128.496632
0.631579,3,128.500861
0.631579,3,128.505203
0.631579,3,128.508891
0.631579,3,128.512058
0.631579,3,128.515339
0.631579,3,128.51863
0.631579,3,128.521942
0.631579,3,128.525011
0.631579,3,128.528179
0.631579,3,128.531417
0.631579,3,128.534405
1.184211,5,128.539301
0.631579,3,128.542202
0.631579,3,128.545076
0.631579,3,128.547989
0.631579,3,128.550914
0.631579,3,128.553815
0.631579,3,128.556716
0.631579,3,128.559615
0.631579,3,128.562537
0.631579,3,128.565445
0.907895,4,128.569287
1.184211,5,128.57414
0.631579,3,128.577016
0.631579,3,128.57975
0.631579,3,128.582569
0.631579,3,128.585377
0.631579,3,128.588182
0.907895,4,128.591984
0.631579,3,128.594879
0.631579,3,128.597803
0.631579,3,128.600757
0.631579,3,128.603673
0.631579,3,128.606574
0.631579,3,128.609516
0.631579,3,128.612556
0.631579,3,128.61546
0.631579,3,128.618285
0.631579,3,128.621121
0.631579,3,128.62385
0.907895,4,128.627589
0.631579,3,128.630526
0.631579,3,128.633435
0.631579,3,128.636351
0.631579,3,128.639247
0.631579,3,128.642167
0.631579,3,128.645082
0.631579,3,128.647963
0.631579,3,128.650877
0.631579,3,128.653778
0.907895,4,128.657572
0.631579,3,128.660489
0.631579,3,128.66342
0.631579,3,128.666335
0.907895,4,128.670187
0.631579,3,128.673099
0.631579,3,128.676103
0.631579,3,128.678885
0.631579,3,128.681727
0.631579,3,128.684587
0.631579,3,128.687476
0.631579,3,128.690375
0.631579,3,128.69328
0.631579,3,128.696154
0.631579,3,128.699121
0.631579,3,128.702175
0.631579,3,128.70513
0.907895,4,128.709053
0.631579,3,128.712012
0.631579,3,128.715
0.631579,3,128.718025
0.631579,3,128.720982
0.631579,3,128.723881
0.631579,3,128.726718
0.631579,3,128.729572
0.631579,3,128.732438
0.631579,3,128.735355
0.631579,3,128.738261
0.631579,3,128.741165
0.631579,3,128.744004
0.907895,4,128.747796
0.631579,3,128.750616
0.631579,3,128.753432
0.631579,3,128.756272
0.631579,3,128.759173
0.631579,3,128.76209
0.631579,3,128.76499
0.631579,3,128.767813
0.631579,3,128.770585
0.631579,3,128.773422
0.631579,3,128.776278
1.184211,5,128.781108
0.631579,3,128.784036
0.631579,3,128.78695
0.631579,3,128.789887
0.631579,3,128.79278
0.631579,3,128.795688
0.631579,3,128.799144
0.631579,3,128.802105
0.631579,3,128.804982
0.631579,3,128.807875
0.631579,3,128.810839
0.631579,3,128.813788
0.631579,3,128.816671
0.631579,3,128.819573
0.631579,3,128.822435
0.631579,3,128.825319
0.631579,3,128.828297
0.631579,3,128.831211
0.631579,3,128.835167
0.631579,3,128.838151
0.631579,3,128.841124
0.631579,3,128.84399
0.631579,3,128.846951
0.631579,3,128.84988
0.631579,3,128.852806
0.631579,3,128.855736
0.631579,3,128.858664
0.907895,4,128.86259
0.631579,3,128.865521
0.631579,3,128.868453
0.631579,3,128.871389
0.631579,3,128.874331
0.631579,3,128.877296
0.631579,3,128.880238
0.631579,3,128.883187
0.631579,3,128.888154
0.631579,3,128.893121
0.631579,3,128.897669
0.631579,3,128.901583
0.631579,3,128.905051
0.631579,3,128.907995
0.631579,3,128.911029
0.631579,3,128.914009
0.631579,3,128.917054
0.631579,3,128.920055
0.631579,3,128.923054
0.631579,3,128.92606
0.631579,3,128.929046
0.631579,3,128.932006
0.631579,3,128.934988
0.631579,3,128.93798
0.907895,4,128.941918
0.631579,3,128.944932
0.631579,3,128.947855
0.631579,3,128.950742
0.631579,3,128.953659
0.631579,3,128.956586
0.631579,3,128.959514
0.631579,3,128.962999
0.631579,3,128.967192
0.631579,3,128.971074
0.631579,3,128.974435
0.631579,3,128.977248
1.184211,5,128.982231
0.631579,3,128.985256
0.631579,3,128.988273
0.907895,4,128.992145
0.631579,3,128.995058
0.631579,3,128.997968
0.631579,3,129.000932
0.631579,3,129.003886
0.631579,3,129.006864
0.631579,3,129.009867
0.631579,3,129.012889
0.631579,3,129.0159
0.631579,3,129.018909
0.631579,3,129.021935
0.631579,3,129.02495
0.631579,3,129.028016
0.631579,3,129.03105
0.631579,3,129.034074
0.631579,3,129.037019
0.631579,3,129.039887
0.631579,3,129.042786
0.631579,3,129.045737
0.631579,3,129.048683
0.631579,3,129.051675
0.631579,3,129.05469
0.907895,4,129.058674
0.631579,3,129.061664
0.631579,3,129.064681
0.631579,3,129.067689
0.631579,3,129.0707
0.631579,3,129.073718
0.631579,3,129.076681
0.631579,3,129.079605
0.631579,3,129.082572
0.631579,3,129.085521
0.631579,3,129.088458
0.631579,3,129.091431
0.631579,3,129.094396
0.631579,3,129.097429
0.631579,3,129.10048
0.631579,3,129.103386
0.631579,3,129.106314
0.631579,3,129.109249
0.631579,3,129.112137
0.631579,3,129.11507
0.631579,3,129.118062
0.907895,4,129.121868
0.631579,3,129.124675
0.631579,3,129.127568
0.631579,3,129.130464
0.631579,3,129.133452
0.907895,4,129.137477
0.631579,3,129.140491
0.631579,3,129.143498
0.631579,3,129.146448
0.907895,4,129.150448
0.631579,3,129.153361
0.631579,3,129.156254
0.631579,3,129.159155
0.631579,3,129.162061
0.631579,3,129.165015
0.631579,3,129.168019
0.631579,3,129.170854
0.631579,3,129.173604
0.631579,3,129.176507
0.631579,3,129.179407
0.631579,3,129.182316
0.631579,3,129.185998
0.631579,3,129.190645
0.631579,3,129.194492
0.631579,3,129.198163
0.631579,3,129.201054
0.631579,3,129.203936
0.631579,3,129.206872
0.631579,3,129.209789
0.907895,4,129.213613
0.907895,4,129.217433
0.631579,3,129.220338
0.631579,3,129.223315
0.631579,3,129.226344
0.631579,3,129.229322
0.631579,3,129.232266
0.631579,3,129.236551
0.631579,3,129.241182
0.631579,3,129.2441
0.631579,3,129.24703
0.631579,3,129.249968
0.631579,3,129.252894
0.631579,3,129.260874
0.907895,4,129.265265
0.631579,3,129.268635
0.631579,3,129.271632
0.631579,3,129.274638
0.631579,3,129.277598
0.631579,3,129.281119
0.631579,3,129.284051
0.907895,4,129.287961
0.631579,3,129.290878
0.631579,3,129.29381
0.631579,3,129.296895
0.631579,3,129.299872
0.631579,3,129.302893
0.631579,3,129.305815
0.631579,3,129.308756
0.631579,3,129.31164
0.631579,3,129.314631
0.631579,3,129.317648
0.631579,3,129.32062
0.631579,3,129.32359
0.631579,3,129.326562
0.631579,3,129.329543
0.631579,3,129.332511
0.631579,3,129.335475
0.631579,3,129.338439
0.631579,3,129.341416
0.631579,3,129.344393
0.631579,3,129.347389
0.631579,3,129.350331
0.631579,3,129.353289
0.631579,3,129.356243
0.631579,3,129.359204
0.631579,3,129.362095
0.631579,3,129.365073
0.631579,3,129.368007
0.631579,3,129.370974
0.631579,3,129.373931
0.631579,3,129.376873
0.631579,3,129.379823
0.907895,4,129.383786
0.631579,3,129.386846
0.631579,3,129.389872
0.631579,3,129.392866
0.631579,3,129.395845
0.631579,3,129.398797
0.631579,3,129.401863
0.631579,3,129.40485
0.631579,3,129.407784
0.631579,3,129.410794
0.631579,3,129.413753
0.631579,3,129.416737
0.631579,3,129.419702
0.631579,3,129.422661
0.631579,3,129.425599
0.631579,3,129.428592
0.631579,3,129.431797
0.631579,3,129.43721
0.631579,3,129.442565
0.631579,3,129.447334
0.631579,3,129.450296
0.631579,3,129.45326
0.631579,3,129.456241
0.631579,3,129.459198
0.631579,3,129.461983
0.631579,3,129.464809
0.631579,3,129.467629
0.631579,3,129.470424
0.631579,3,129.47322
0.631579,3,129.476042
0.907895,4,129.47982
0.631579,3,129.48264
0.631579,3,129.485447
0.907895,4,129.489311
0.631579,3,129.492188
0.631579,3,129.495002
0.631579,3,129.497839
0.631579,3,129.50058
0.631579,3,129.503452
0.631579,3,129.506309
0.631579,3,129.509156
0.631579,3,129.512026
0.631579,3,129.51493
0.631579,3,129.517813
0.631579,3,129.520684
0.631579,3,129.523532
0.631579,3,129.526385
0.631579,3,129.529232
0.631579,3,129.532184
0.907895,4,129.536184
0.631579,3,129.539158
0.631579,3,129.542046
0.631579,3,129.544944
0.631579,3,129.547825
0.631579,3,129.550678
0.631579,3,129.553584
0.631579,3,129.556478
0.631579,3,129.559382
0.631579,3,129.56231
0.631579,3,129.565222
0.631579,3,129.568029
0.631579,3,129.570944
0.631579,3,129.573872
0.631579,3,129.57676
0.631579,3,129.579629
0.631579,3,129.582414
0.907895,4,129.58618
0.631579,3,129.589023
0.631579,3,129.591896
0.631579,3,129.594793
0.631579,3,129.597696
0.631579,3,129.600495
0.631579,3,129.603328
0.631579,3,129.606233
0.631579,3,129.609131
0.631579,3,129.61204
0.631579,3,129.615005
0.631579,3,129.617982
0.631579,3,129.620924
1.184211,5,129.625765
0.631579,3,129.628655
0.631579,3,129.631551
0.631579,3,129.634453
0.631579,3,129.637322
0.631579,3,129.640226
0.631579,3,129.643005
0.907895,4,129.646758
0.631579,3,129.649595
0.631579,3,129.652529
0.631579,3,129.65541
0.631579,3,129.658306
0.631579,3,129.661207
0.631579,3,129.664066
0.631579,3,129.666885
0.631579,3,129.669726
0.631579,3,129.672574
0.631579,3,129.675413
0.631579,3,129.678322
0.907895,4,129.682171
0.631579,3,129.685099
0.631579,3,129.688013
0.631579,3,129.69096
0.631579,3,129.693909
0.631579,3,129.69686
0.907895,4,129.700747
0.631579,3,129.703646
0.631579,3,129.706568
0.631579,3,129.709483
0.631579,3,129.712165
0.631579,3,129.714863
0.631579,3,129.717664
0.631579,3,129.720448
0.631579,3,129.723231
0.631579,3,129.726667
0.631579,3,129.731639
0.631579,3,129.735244
0.631579,3,129.738136
0.631579,3,129.740985
0.631579,3,129.743886
0.631579,3,129.746809
0.631579,3,129.749742
0.631579,3,129.752659
0.631579,3,129.755569
0.631579,3,129.758484
0.631579,3,129.761337
0.631579,3,129.764268
0.631579,3,129.767113
0.631579,3,129.770056
0.631579,3,129.772991
0.631579,3,129.775869
0.631579,3,129.778733
0.907895,4,129.782572
0.631579,3,129.785472
0.907895,4,129.789301
0.631579,3,129.792177
0.631579,3,129.795045
0.631579,3,129.798002
0.631579,3,129.800912
0.631579,3,129.803762
0.631579,3,129.806632
0.631579,3,129.809548
0.631579,3,129.812479
0.631579,3,129.815417
0.631579,3,129.818293
0.631579,3,129.821447
0.631579,3,129.825491
0.631579,3,129.829216
0.631579,3,129.831979
0.631579,3,129.83484
0.631579,3,129.837745
0.631579,3,129.840627
0.631579,3,129.843576
0.631579,3,129.8466
0.631579,3,129.849509
0.631579,3,129.852447
0.631579,3,129.855367
0.631579,3,129.858306
0.631579,3,129.861224
0.631579,3,129.864186
0.631579,3,129.867042
0.631579,3,129.869933
0.631579,3,129.872778
0.907895,4,129.876551
0.631579,3,129.87951
1.184211,5,129.884398
0.631579,3,129.887302
0.631579,3,129.890179
0.631579,3,129.893114
0.631579,3,129.896141
0.631579,3,129.899079
0.907895,4,129.902985
1.184211,5,129.907878
0.631579,3,129.910825
0.631579,3,129.913806
0.631579,3,129.916695
0.631579,3,129.919582
0.631579,3,129.922491
0.631579,3,129.925378
0.631579,3,129.928328
0.631579,3,129.931265
0.631579,3,129.934202
0.631579,3,129.937196
0.631579,3,129.940171
0.631579,3,129.943143
0.631579,3,129.946199
0.631579,3,129.949185
0.631579,3,129.952151
0.631579,3,129.955126
0.631579,3,129.958101
0.631579,3,129.961077
0.631579,3,129.964078
0.631579,3,129.967031
0.631579,3,129.96994
0.631579,3,129.972797
0.631579,3,129.975694
0.631579,3,129.978651
0.631579,3,129.981683
0.631579,3,129.98463
0.631579,3,129.987522
0.631579,3,129.990442
0.631579,3,129.993373
0.631579,3,129.996403
0.631579,3,129.99938
0.631579,3,130.002323
0.907895,4,130.006169
0.907895,4,130.010091
0.631579,3,130.013116
0.631579,3,130.016016
0.565789,4,130.019839
0.631579,3,130.022677
0.631579,3,130.025608
0.631579,3,130.028549
0.631579,3,130.031624
0.631579,3,130.034585
0.907895,4,130.038514
0.631579,3,130.041417
0.631579,3,130.044315
0.631579,3,130.047245
0.631579,3,130.050075
0.631579,3,130.05292
0.631579,3,130.055833
0.631579,3,130.05873
0.907895,4,130.062583
0.631579,3,130.065556
0.631579,3,130.068507
0.631579,3,130.071436
0.631579,3,130.074419
0.907895,4,130.07842
0.631579,3,130.081409
0.631579,3,130.084391
0.631579,3,130.087281
0.631579,3,130.090186
0.631579,3,130.093113
0.631579,3,130.096057
0.631579,3,130.099006
0.907895,4,130.102927
0.631579,3,130.10583
0.631579,3,130.108731
0.631579,3,130.11168
0.631579,3,130.114668
0.631579,3,130.11762
0.631579,3,130.12058
0.631579,3,130.123524
0.631579,3,130.126466
0.631579,3,130.129418
0.631579,3,130.132373
0.631579,3,130.135312
0.631579,3,130.138271
0.631579,3,130.141198
0.631579,3,130.144135
0.631579,3,130.147074
0.631579,3,130.150024
0.631579,3,130.152983
0.631579,3,130.155846
0.631579,3,130.158735
0.631579,3,130.161632
0.631579,3,130.164692
0.631579,3,130.167449
0.631579,3,130.170269
0.631579,3,130.173053
0.631579,3,130.175842
0.631579,3,130.178682
0.631579,3,130.181615
0.631579,3,130.18445
0.631579,3,130.187302
0.631579,3,130.190167
0.631579,3,130.193023
0.631579,3,130.195857
0.631579,3,130.198783
0.631579,3,130.201727
0.631579,3,130.204602
0.631579,3,130.207426
0.631579,3,130.210225
0.631579,3,130.213119
0.631579,3,130.215907
0.631579,3,130.218696
0.631579,3,130.221498
0.631579,3,130.224292
0.631579,3,130.227067
0.631579,3,130.229944
0.631579,3,130.232782
0.631579,3,130.235559
0.631579,3,130.238445
0.631579,3,130.241199
0.631579,3,130.244001
0.631579,3,130.24702
0.631579,3,130.249949
0.631579,3,130.252871
0.907895,4,130.25675
0.631579,3,130.259639
0.631579,3,130.262525
0.907895,4,130.266356
0.631579,3,130.269248
0.631579,3,130.272169
0.631579,3,130.27506
0.631579,3,130.277961
0.631579,3,130.280922
0.631579,3,130.283773
0.631579,3,130.286638
0.631579,3,130.28955
0.907895,4,130.293239
0.631579,3,130.296126
0.631579,3,130.29912
0.631579,3,130.302047
0.907895,4,130.305986
0.631579,3,130.308895
0.631579,3,130.311771
0.631579,3,130.314742
0.631579,3,130.317632
0.907895,4,130.321452
0.631579,3,130.324332
0.907895,4,130.328103
0.631579,3,130.331078
0.631579,3,130.33396
0.631579,3,130.33679
0.631579,3,130.339606
0.631579,3,130.34249
0.631579,3,130.345357
0.631579,3,130.34833
0.631579,3,130.351231
0.631579,3,130.354108
0.631579,3,130.356948
0.631579,3,130.359779
0.631579,3,130.362612
0.631579,3,130.365577
0.631579,3,130.368428
0.631579,3,130.371231
0.631579,3,130.374188
0.631579,3,130.377023
0.631579,3,130.380044
0.631579,3,130.382965
0.631579,3,130.385856
0.631579,3,130.388745
0.631579,3,130.391581
0.631579,3,130.394524
0.631579,3,130.397541
0.631579,3,130.400475
0.631579,3,130.403347
0.907895,4,130.407175
0.631579,3,130.410047
0.631579,3,137.685901
0.631579,3,137.689162
0.631579,3,137.694042
0.631579,3,137.698478
0.631579,3,137.702614
0.631579,3,137.706023
0.631579,3,137.710049
0.631579,3,137.714217
0.631579,3,137.718513
0.631579,3,137.721967
0.631579,3,137.725104
0.631579,3,137.728265
0.631579,3,137.731346
0.631579,3,137.734558
0.631579,3,137.737683
0.907895,4,137.741787
0.631579,3,137.747076
0.631579,3,137.751392
0.631579,3,137.755975
0.631579,3,137.759353
0.631579,3,137.762572
0.631579,3,137.765782
0.631579,3,137.768892
0.631579,3,137.771874
0.631579,3,137.774949
0.631579,3,137.783139
0.631579,3,137.786565
0.631579,3,137.79284
0.631579,3,137.797565
0.631579,3,137.800565
0.631579,3,137.803862
0.631579,3,137.807157
0.907895,4,137.811314
0.631579,3,137.814414
0.631579,3,137.817403
0.631579,3,137.820582
0.631579,3,137.823639
0.631579,3,137.826512
0.631579,3,137.829413
0.631579,3,137.832304
0.631579,3,137.835293
0.907895,4,137.839118
0.631579,3,137.842063
0.631579,3,137.845072
0.631579,3,137.847946
0.631579,3,137.850922
0.631579,3,137.853766
0.631579,3,137.856731
0.631579,3,137.859596
0.631579,3,137.862481
0.631579,3,137.865397
0.631579,3,137.86828
0.631579,3,137.871185
0.631579,3,137.874118
0.631579,3,137.877031
0.631579,3,137.879929
0.631579,3,137.882814
0.631579,3,137.885626
1.184211,5,137.890505
0.631579,3,137.893424
0.631579,3,137.896295
0.631579,3,137.899179
0.631579,3,137.902115
0.907895,4,137.906048
0.631579,3,137.908995
0.631579,3,137.911916
0.631579,3,137.914859
0.631579,3,137.917766
0.631579,3,137.920722
0.631579,3,137.923653
0.631579,3,137.926596
0.631579,3,137.92953
0.631579,3,137.932459
0.631579,3,137.935347
0.631579,3,137.938264
0.907895,4,137.942167
0.631579,3,137.945125
0.631579,3,137.94807
0.631579,3,137.951069
0.631579,3,137.953913
0.631579,3,137.956787
0.631579,3,137.959655
0.631579,3,137.962532
0.631579,3,137.965397
0.631579,3,137.968276
0.631579,3,137.971136
0.631579,3,137.974013
0.631579,3,137.976901
0.631579,3,137.97977
0.631579,3,137.982698
0.631579,3,137.985668
0.631579,3,137.988708
0.631579,3,137.991647
0.631579,3,137.994569
0.631579,3,137.99753
0.631579,3,138.000485
0.631579,3,138.003437
0.907895,4,138.007278
0.631579,3,138.010118
0.631579,3,138.012975
0.631579,3,138.015847
0.631579,3,138.018684
0.907895,4,138.022515
0.631579,3,138.025414
0.631579,3,138.028288
0.631579,3,138.031225
0.631579,3,138.034166
0.631579,3,138.037093
0.631579,3,138.040042
0.631579,3,138.042984
0.631579,3,138.045915
0.631579,3,138.048815
0.631579,3,138.051712
0.631579,3,138.054658
0.631579,3,138.057584
0.907895,4,138.061453
0.631579,3,138.064319
0.631579,3,138.06727
0.631579,3,138.070232
0.631579,3,138.073212
0.907895,4,138.077212
0.631579,3,138.080196
0.631579,3,138.08315
0.907895,4,138.087075
0.631579,3,138.089997
0.631579,3,138.092926
0.907895,4,138.096775
0.631579,3,138.099657
0.631579,3,138.102728
0.631579,3,138.10564
0.631579,3,138.108622
0.631579,3,138.111584
0.631579,3,138.1146
0.631579,3,138.11754
0.631579,3,138.120511
0.631579,3,138.123416
0.631579,3,138.126374
0.631579,3,138.12934
0.631579,3,138.132288
0.631579,3,138.135244
0.631579,3,138.138145
0.631579,3,138.141066
0.631579,3,138.143962
0.631579,3,138.146878
0.907895,4,138.150764
0.907895,4,138.154681
0.552632,3,138.157635
0.631579,3,138.160586
0.631579,3,138.163426
0.631579,3,138.166373
0.631579,3,138.169412
0.631579,3,138.172499
0.631579,3,138.17533
1.184211,5,138.180085
0.631579,3,138.183107
0.631579,3,138.186792
0.907895,4,138.192369
0.631579,3,138.196406
0.631579,3,138.199986
0.631579,3,138.203051
0.907895,4,138.206904
0.631579,3,138.209844
0.631579,3,138.212871
0.631579,3,138.215768
0.631579,3,138.218657
0.631579,3,138.221536
0.631579,3,138.224333
0.907895,4,138.228085
0.631579,3,138.23104
0.631579,3,138.233977
0.631579,3,138.236917
0.631579,3,138.239848
0.631579,3,138.242664
0.631579,3,138.245501
0.631579,3,138.248386
0.631579,3,138.251321
0.631579,3,138.254213
0.631579,3,138.257152
0.631579,3,138.260119
0.907895,4,138.264011
0.631579,3,138.2675
0.907895,4,138.2715
1.184211,5,138.276321
0.631579,3,138.27921
0.631579,3,138.282151
0.631579,3,138.285094
0.631579,3,138.288056
0.631579,3,138.290979
0.631579,3,138.29391
0.631579,3,138.29682
0.631579,3,138.299667
0.631579,3,138.302602
0.631579,3,138.305553
0.631579,3,138.308488
0.631579,3,138.311458
0.631579,3,138.314445
0.631579,3,138.317414
0.631579,3,138.320377
0.907895,4,138.324347
0.631579,3,138.327325
0.631579,3,138.330324
0.631579,3,138.333311
0.631579,3,138.336257
0.631579,3,138.339264
0.631579,3,138.342262
0.631579,3,138.345146
0.631579,3,138.348107
0.631579,3,138.351053
0.631579,3,138.354033
0.631579,3,138.357059
0.631579,3,138.360101
0.631579,3,138.363125
0.631579,3,138.366106
0.631579,3,138.369081
0.631579,3,138.372046
0.631579,3,138.374957
0.631579,3,138.377949
0.631579,3,138.380965
0.631579,3,138.383943
0.631579,3,138.386891
0.631579,3,138.389791
0.631579,3,138.392735
0.907895,4,138.396524
0.631579,3,138.399452
0.631579,3,138.402346
0.631579,3,138.405233
0.631579,3,138.408134
0.631579,3,138.411015
0.907895,4,138.414809
0.631579,3,138.417679
0.907895,4,138.42158
0.631579,3,138.424493
0.631579,3,138.42739
0.631579,3,138.430299
0.631579,3,138.433192
0.631579,3,138.436036
0.631579,3,138.438958
0.631579,3,138.441857
0.631579,3,138.444728
0.631579,3,138.447533
0.631579,3,138.450433
0.631579,3,138.453342
1.460526,6,138.459078
0.907895,4,138.463061
0.631579,3,138.466195
0.631579,3,138.469771
0.631579,3,138.474485
0.631579,3,138.478411
0.631579,3,138.482282
0.631579,3,138.485108
0.631579,3,138.488128
0.631579,3,138.491081
0.631579,3,138.494024
0.631579,3,138.496955
0.631579,3,138.499871
0.631579,3,138.502748
0.907895,4,138.506577
0.631579,3,138.509384
0.631579,3,138.512207
0.631579,3,138.515051
0.631579,3,138.517999
0.631579,3,138.520873
0.631579,3,138.523729
0.631579,3,138.526718
0.631579,3,138.529649
0.631579,3,138.532559
0.631579,3,138.53546
0.631579,3,138.538395
0.631579,3,138.541306
0.631579,3,138.544152
0.631579,3,138.546907
0.631579,3,138.549657
0.631579,3,138.552419
0.631579,3,138.555334
0.631579,3,138.558433
0.907895,4,138.562336
0.631579,3,138.565233
0.631579,3,138.568108
0.631579,3,138.570996
0.907895,4,138.574767
0.631579,3,138.577524
0.631579,3,138.580332
0.631579,3,138.583174
0.631579,3,138.586026
0.907895,4,138.58985
0.631579,3,138.592734
0.907895,4,138.59656
0.631579,3,138.599433
0.631579,3,138.602329
0.631579,3,138.605229
0.631579,3,138.608144
0.631579,3,138.610977
0.907895,4,138.614882
0.631579,3,138.617844
0.631579,3,138.620772
0.631579,3,138.623658
0.631579,3,138.626535
0.631579,3,138.629417
0.631579,3,138.632286
0.631579,3,138.635163
0.631579,3,138.638088
0.631579,3,138.640956
0.631579,3,138.643696
0.631579,3,138.646488
0.631579,3,138.649307
0.631579,3,138.652193
0.631579,3,138.655121
0.631579,3,138.658044
0.631579,3,138.660953
0.631579,3,138.663857
0.631579,3,138.66677
0.631579,3,138.669684
0.631579,3,138.672615
0.631579,3,138.675501
0.631579,3,138.678297
0.631579,3,138.681189
0.631579,3,138.684061
0.631579,3,138.686967
0.907895,4,138.692194
0.631579,3,138.696851
0.631579,3,138.699795
0.631579,3,138.702713
0.631579,3,138.705713
0.631579,3,138.708706
0.631579,3,138.711704
0.631579,3,138.714709
1.184211,5,138.719616
0.631579,3,138.722585
0.631579,3,138.725511
0.631579,3,138.728398
0.907895,4,138.73225
0.631579,3,138.735207
0.631579,3,138.738165
0.631579,3,138.741133
0.631579,3,138.744074
0.631579,3,138.747039
0.631579,3,138.749955
0.631579,3,138.75299
0.631579,3,138.755997
1.184211,5,138.760919
0.631579,3,138.763862
0.631579,3,138.766744
0.631579,3,138.769637
0.631579,3,138.772496
0.631579,3,138.775475
0.631579,3,138.778461
0.907895,4,138.782436
0.631579,3,138.785398
0.631579,3,138.788369
0.631579,3,138.791368
0.631579,3,138.794357
0.631579,3,138.797337
0.631579,3,138.800382
0.631579,3,138.803395
0.631579,3,138.80641
0.631579,3,138.809427
0.631579,3,138.812376
0.631579,3,138.815292
0.631579,3,138.818224
0.631579,3,138.821215
0.631579,3,138.824198
0.631579,3,138.827092
0.631579,3,138.829939
0.907895,4,138.833754
0.631579,3,138.837787
0.631579,3,138.840694
0.631579,3,138.843545
0.631579,3,138.846682
0.631579,3,138.849693
0.907895,4,138.853695
0.631579,3,138.856595
0.631579,3,138.859446
0.631579,3,138.862298
0.631579,3,138.8652
0.631579,3,138.868104
0.631579,3,138.871006
0.631579,3,138.873883
0.631579,3,138.876881
0.631579,3,138.879828
0.631579,3,138.882781
0.631579,3,138.885721
0.907895,4,138.889662
0.631579,3,138.892646
0.631579,3,138.895607
0.631579,3,138.89859
0.631579,3,138.901567
0.631579,3,138.90453
0.631579,3,138.907502
0.907895,4,138.911495
0.907895,4,138.915402
0.907895,4,138.919391
0.631579,3,138.922367
0.907895,4,138.926341
0.631579,3,138.92929
0.631579,3,138.932951
0.631579,3,138.938035
0.631579,3,138.942556
0.631579,3,138.945539
0.631579,3,138.948486
0.631579,3,138.951393
0.631579,3,138.954402
0.631579,3,138.95734
0.907895,4,138.961273
0.631579,3,138.964301
0.631579,3,138.967295
0.907895,4,138.971405
0.631579,3,138.974308
0.631579,3,138.977307
0.631579,3,138.980297
0.631579,3,138.983279
0.631579,3,138.986273
0.631579,3,138.989321
0.631579,3,138.992301
0.631579,3,138.995289
0.631579,3,138.99819
0.631579,3,139.00115
0.631579,3,139.004196
0.631579,3,139.007091
0.631579,3,139.010037
0.631579,3,139.012994
0.631579,3,139.015887
0.631579,3,139.018745
0.631579,3,139.021653
0.631579,3,139.024511
0.907895,4,139.03338
0.631579,3,139.036394
0.631579,3,139.039935
0.907895,4,139.043928
0.631579,3,139.046846
0.631579,3,139.049745
0.631579,3,139.052691
0.631579,3,139.056396
0.631579,3,139.059377
0.631579,3,139.062422
0.631579,3,139.065452
0.631579,3,139.068488
0.631579,3,139.071679
0.631579,3,139.074716
0.631579,3,139.077663
0.631579,3,139.080603
0.631579,3,139.083589
0.631579,3,139.08657
0.631579,3,139.089568
0.631579,3,139.092528
0.631579,3,139.095474
0.907895,4,139.099465
0.631579,3,139.102425
0.631579,3,139.105486
0.631579,3,139.10841
0.631579,3,139.111341
0.631579,3,139.114293
0.631579,3,139.117191
0.631579,3,139.120108
0.907895,4,139.123999
0.631579,3,139.126876
0.631579,3,139.129751
0.631579,3,139.132686
0.631579,3,139.135628
0.631579,3,139.138629
0.907895,4,139.142498
0.631579,3,139.145379
0.631579,3,139.148405
0.631579,3,139.151433
0.631579,3,139.154531
0.631579,3,139.157517
0.631579,3,139.160508
0.631579,3,139.163483
0.631579,3,139.166467
0.631579,3,139.169441
0.631579,3,139.172508
0.631579,3,139.175489
1.184211,5,139.180455
0.631579,3,139.183418
0.631579,3,139.186393
0.631579,3,139.189447
0.631579,3,139.192428
0.631579,3,139.19541
0.631579,3,139.198406
0.631579,3,139.201387
0.631579,3,139.204396
0.631579,3,139.207294
0.631579,3,139.210163
0.631579,3,139.213077
0.631579,3,139.215871
0.631579,3,139.218704
0.907895,4,139.222678
0.631579,3,139.225632
0.631579,3,139.228501
0.631579,3,139.23141
0.907895,4,139.235436
0.631579,3,139.23847
0.631579,3,139.241402
0.631579,3,139.24437
0.631579,3,139.24729
0.631579,3,139.250225
0.907895,4,139.254253
0.907895,4,139.258106
0.631579,3,139.261122
0.907895,4,139.265003
0.631579,3,139.267941
0.631579,3,139.270926
0.631579,3,139.273759
0.631579,3,139.27661
0.631579,3,139.279514
0.631579,3,139.282458
0.631579,3,139.285408
0.631579,3,139.288379
0.631579,3,139.291387
0.631579,3,139.294401
0.631579,3,139.297379
0.907895,4,139.301337
0.631579,3,139.304369
0.631579,3,139.30732
0.631579,3,139.310285
0.631579,3,139.313256
0.631579,3,139.316169
0.631579,3,139.319134
0.631579,3,139.322095
0.631579,3,139.325058
0.631579,3,139.327992
0.631579,3,139.330979
0.631579,3,139.333917
0.631579,3,139.336795
0.907895,4,139.340696
0.631579,3,139.343708
0.907895,4,139.347829
0.631579,3,139.350725
0.631579,3,139.353667
0.631579,3,139.356599
0.631579,3,139.359592
0.631579,3,139.362576
0.631579,3,139.365552
0.631579,3,139.368507
0.631579,3,139.371549
0.631579,3,139.374508
0.631579,3,139.377491
0.631579,3,139.380417
0.631579,3,139.383395
0.907895,4,139.38744
0.631579,3,139.390345
0.631579,3,139.393245
0.631579,3,139.396178
0.631579,3,139.399163
0.631579,3,139.402192
0.631579,3,139.405293
1.184211,5,139.410247
0.907895,4,139.414201
0.631579,3,139.417138
0.631579,3,139.420144
0.631579,3,139.423085
0.631579,3,139.426003
0.631579,3,139.428911
0.907895,4,139.43276
0.631579,3,139.435652
0.631579,3,139.438596
0.631579,3,139.441502
0.631579,3,139.44441
0.631579,3,139.447316
0.631579,3,139.450318
0.631579,3,139.453317
0.907895,4,139.457374
0.631579,3,139.460375
0.631579,3,139.463355
0.631579,3,139.466352
0.631579,3,139.46932
0.631579,3,139.472264
0.631579,3,139.475106
0.631579,3,139.47807
0.631579,3,139.48103
0.631579,3,139.483976
0.631579,3,139.486979
0.631579,3,139.489964
0.631579,3,139.492948
0.631579,3,139.495934
0.631579,3,139.498947
0.631579,3,139.501982
0.631579,3,139.505082
0.631579,3,139.508105
0.907895,4,139.512065
0.631579,3,139.515063
0.631579,3,139.518111
0.631579,3,139.521148
0.631579,3,139.525267
0.631579,3,139.52924
0.631579,3,139.533165
0.631579,3,139.536249
0.631579,3,139.539103
0.631579,3,139.54198
0.631579,3,139.544858
0.631579,3,139.547729
0.631579,3,139.550613
0.631579,3,139.553495
0.631579,3,139.556369
0.631579,3,139.55923
0.631579,3,139.562095
0.631579,3,139.564963
0.631579,3,139.567769
0.631579,3,139.570621
0.631579,3,139.573546
0.907895,4,139.577409
0.631579,3,139.580329
0.631579,3,139.583244
0.631579,3,139.586154
0.631579,3,139.589058
0.631579,3,139.591926
0.631579,3,139.594842
0.631579,3,139.597749
0.631579,3,139.600602
0.631579,3,139.603478
0.631579,3,139.606368
0.631579,3,139.609262
0.631579,3,139.612153
0.631579,3,139.615037
0.631579,3,139.617904
0.631579,3,139.620779
0.631579,3,139.623649
0.631579,3,139.626517
0.631579,3,139.629405
0.631579,3,139.632273
0.907895,4,139.63607
0.631579,3,139.638945
0.631579,3,139.641828
0.907895,4,139.645622
0.631579,3,139.64837
0.631579,3,139.651102
0.631579,3,139.653904
0.631579,3,139.656688
0.631579,3,139.659559
0.631579,3,139.662456
0.907895,4,139.666268
0.631579,3,139.669152
0.631579,3,139.672029
0.631579,3,139.674918
0.631579,3,139.677814
0.631579,3,139.680707
0.631579,3,139.683592
0.631579,3,139.686483
0.631579,3,139.689393
0.631579,3,139.692293
0.631579,3,139.695208
0.907895,4,139.699094
0.631579,3,139.702063
0.907895,4,139.705961
0.631579,3,139.708901
0.631579,3,139.711797
0.631579,3,139.71473
0.631579,3,139.717632
0.631579,3,139.720515
0.631579,3,139.723379
0.631579,3,139.726287
0.631579,3,139.729093
0.631579,3,139.731891
0.631579,3,139.734801
0.631579,3,139.737694
0.631579,3,139.74053
0.631579,3,147.402103
0.631579,3,147.408359
0.631579,3,147.412884
0.631579,3,147.418628
0.631579,3,147.422705
0.907895,4,147.429356
0.631579,3,147.434228
0.631579,3,147.439123
0.631579,3,147.443761
0.631579,3,147.447523
1.184211,5,147.455316
0.631579,3,147.459488
0.631579,3,147.464494
0.907895,4,147.470106
0.631579,3,147.474314
0.631579,3,147.477933
0.907895,4,147.484807
0.631579,3,147.488413
0.907895,4,147.494205
0.631579,3,147.498944
0.631579,3,147.502921
0.631579,3,147.506858
0.631579,3,147.511156
0.631579,3,147.514642
1.184211,5,147.519792
0.631579,3,147.522805
0.631579,3,147.525757
0.631579,3,147.528893
0.631579,3,147.531837
0.631579,3,147.534878
0.907895,4,147.538791
0.631579,3,147.541798
0.631579,3,147.544794
0.631579,3,147.54784
0.631579,3,147.550871
0.631579,3,147.553912
0.631579,3,147.556982
0.631579,3,147.559958
0.631579,3,147.562886
0.631579,3,147.565889
0.631579,3,147.56881
0.631579,3,147.571574
0.907895,4,147.575304
0.631579,3,147.578102
0.631579,3,147.580904
0.631579,3,147.583762
0.631579,3,147.586636
0.631579,3,147.589517
0.631579,3,147.592402
0.631579,3,147.595274
0.631579,3,147.598065
0.631579,3,147.600832
0.631579,3,147.603637
0.631579,3,147.606424
0.631579,3,147.609225
0.631579,3,147.612155
0.631579,3,147.615072
0.631579,3,147.618003
0.631579,3,147.621009
0.631579,3,147.62388
0.631579,3,147.626751
0.631579,3,147.629701
0.631579,3,147.632663
0.631579,3,147.635526
0.631579,3,147.6384
0.631579,3,147.64129
0.907895,4,147.645215
0.631579,3,147.648149
0.907895,4,147.652026
0.631579,3,147.654873
0.631579,3,147.657745
0.631579,3,147.660652
0.631579,3,147.663537
0.631579,3,147.666494
0.631579,3,147.669458
0.631579,3,147.6724
0.631579,3,147.675335
0.631579,3,147.678288
0.631579,3,147.681221
0.631579,3,147.684168
0.631579,3,147.68712
0.631579,3,147.690067
0.631579,3,147.693015
0.631579,3,147.695956
0.631579,3,147.69889
0.631579,3,147.701852
0.631579,3,147.704794
0.631579,3,147.707736
0.907895,4,147.711595
0.631579,3,147.714525
0.631579,3,147.717494
0.631579,3,147.720406
0.631579,3,147.723272
0.631579,3,147.7262
0.631579,3,147.729191
0.631579,3,147.732124
0.631579,3,147.735073
0.631579,3,147.737994
0.631579,3,147.740925
0.631579,3,147.743841
0.631579,3,147.746773
0.631579,3,147.749669
0.631579,3,147.752589
0.631579,3,147.755509
0.631579,3,147.75844
0.631579,3,147.761384
0.907895,4,147.765121
0.631579,3,147.767981
0.631579,3,147.770903
0.631579,3,147.773786
0.631579,3,147.776681
0.631579,3,147.779589
0.631579,3,147.78251
0.631579,3,147.785434
0.631579,3,147.788357
0.631579,3,147.791277
0.631579,3,147.794183
0.631579,3,147.797118
0.907895,4,147.800969
0.631579,3,147.80388
0.631579,3,147.806753
0.631579,3,147.8097
0.631579,3,147.812666
0.907895,4,147.816661
0.631579,3,147.819614
0.631579,3,147.822579
0.631579,3,147.82549
0.631579,3,147.828408
0.631579,3,147.831291
0.631579,3,147.834199
0.907895,4,147.838102
0.631579,3,147.841016
0.907895,4,147.844866
0.631579,3,147.84772
0.631579,3,147.850626
0.907895,4,147.854498
0.631579,3,147.857429
0.631579,3,147.860323
0.631579,3,147.863225
0.631579,3,147.866141
0.631579,3,147.869053
0.631579,3,147.871957
0.907895,4,147.875747
0.631579,3,147.878539
0.907895,4,147.882355
0.631579,3,147.885254
0.631579,3,147.888201
0.631579,3,147.891157
0.631579,3,147.894122
0.907895,4,147.898076
0.631579,3,147.901046
0.631579,3,147.903976
0.631579,3,147.906937
0.631579,3,147.909859
0.631579,3,147.912751
0.907895,4,147.916625
0.631579,3,147.919538
0.631579,3,147.922466
0.907895,4,147.92637
0.631579,3,147.929343
0.631579,3,147.932285
0.631579,3,147.935217
0.631579,3,147.939587
0.631579,3,147.944288
0.631579,3,147.947072
0.631579,3,147.950004
0.631579,3,147.95294
0.631579,3,147.955881
0.631579,3,147.958806
0.631579,3,147.966859
0.631579,3,147.970021
0.631579,3,147.973006
0.631579,3,147.975867
0.631579,3,147.979203
0.631579,3,147.982123
1.184211,5,147.987057
0.631579,3,147.989961
0.631579,3,147.992839
0.631579,3,147.995818
0.631579,3,147.998687
0.907895,4,148.00253
0.631579,3,148.005427
0.631579,3,148.008348
0.631579,3,148.011254
0.631579,3,148.014154
0.631579,3,148.017059
0.631579,3,148.01995
0.631579,3,148.022906
1.184211,5,148.027763
0.631579,3,148.030695
0.631579,3,148.033624
0.631579,3,148.036546
0.631579,3,148.039479
0.631579,3,148.042403
0.631579,3,148.045351
0.631579,3,148.048294
0.631579,3,148.051239
0.631579,3,148.054142
0.631579,3,148.057113
0.631579,3,148.060098
0.631579,3,148.063098
0.631579,3,148.066102
0.631579,3,148.069087
0.631579,3,148.07204
0.631579,3,148.074995
0.631579,3,148.077943
0.631579,3,148.080911
0.631579,3,148.083874
0.631579,3,148.086838
0.631579,3,148.089829
0.631579,3,148.092736
0.631579,3,148.095738
0.631579,3,148.098607
0.631579,3,148.10247
0.907895,4,148.10805
0.631579,3,148.112054
0.631579,3,148.115076
0.631579,3,148.118022
0.907895,4,148.121963
0.631579,3,148.124912
0.631579,3,148.127807
0.631579,3,148.130714
0.631579,3,148.133573
0.631579,3,148.136494
0.631579,3,148.139431
0.631579,3,148.142379
0.631579,3,148.145322
0.631579,3,148.148268
0.631579,3,148.151195
0.631579,3,148.154145
0.631579,3,148.157087
0.631579,3,148.159985
0.631579,3,148.162991
0.631579,3,148.165963
0.631579,3,148.168869
0.631579,3,148.171687
0.631579,3,148.174596
0.631579,3,148.177579
0.631579,3,148.180444
0.631579,3,148.183337
0.631579,3,148.186244
0.631579,3,148.189147
0.631579,3,148.192029
0.631579,3,148.194936
0.631579,3,148.197854
0.631579,3,148.200861
0.631579,3,148.203858
0.631579,3,148.206769
0.631579,3,148.209727
0.631579,3,148.212591
0.631579,3,148.215487
0.631579,3,148.218352
0.907895,4,148.222248
0.631579,3,148.225115
0.907895,4,148.22909
0.631579,3,148.232015
0.631579,3,148.234912
0.631579,3,148.237815
0.631579,3,148.240678
0.907895,4,148.244584
0.631579,3,148.247421
0.631579,3,148.250269
0.631579,3,148.253103
0.631579,3,148.256042
0.907895,4,148.259964
0.631579,3,148.262899
0.631579,3,148.265853
0.631579,3,148.268813
0.631579,3,148.271771
0.631579,3,148.274716
0.631579,3,148.27764
0.631579,3,148.280568
0.631579,3,148.283493
0.631579,3,148.286426
0.631579,3,148.289364
0.631579,3,148.292315
0.631579,3,148.295245
0.631579,3,148.298189
0.631579,3,148.301182
0.631579,3,148.304127
0.631579,3,148.307019
0.907895,4,148.310869
0.631579,3,148.313755
0.631579,3,148.316614
0.631579,3,148.319514
0.631579,3,148.32244
0.631579,3,148.325406
0.907895,4,148.329341
0.631579,3,148.332265
0.631579,3,148.335209
0.631579,3,148.338115
0.631579,3,148.340997
0.631579,3,148.343821
0.631579,3,148.346654
0.631579,3,148.349491
0.631579,3,148.352268
0.631579,3,148.355036
0.631579,3,148.357845
0.631579,3,148.360619
0.631579,3,148.3634
0.631579,3,148.366234
0.631579,3,148.369052
0.631579,3,148.37185
0.631579,3,148.374677
0.631579,3,148.377431
0.631579,3,148.380161
0.631579,3,148.384232
0.631579,3,148.389006
0.631579,3,148.391807
0.631579,3,148.394636
0.631579,3,148.397481
0.631579,3,148.400318
0.631579,3,148.403314
0.631579,3,148.406369
0.631579,3,148.409426
0.631579,3,148.412454
0.631579,3,148.415411
0.631579,3,148.418343
0.631579,3,148.421308
0.631579,3,148.424311
0.631579,3,148.427309
0.631579,3,148.430381
0.631579,3,148.433365
0.631579,3,148.436346
0.631579,3,148.439339
0.631579,3,148.442334
0.907895,4,148.446199
0.631579,3,148.44912
0.631579,3,148.452082
0.631579,3,148.45504
0.631579,3,148.458028
0.631579,3,148.461008
0.631579,3,148.463992
0.631579,3,148.466987
0.631579,3,148.469975
0.631579,3,148.472968
0.631579,3,148.475911
0.631579,3,148.478884
0.631579,3,148.481845
0.631579,3,148.484766
0.631579,3,148.48769
0.907895,4,148.491658
0.907895,4,148.49553
0.631579,3,148.498408
0.631579,3,148.501288
0.631579,3,148.50417
0.631579,3,148.507025
0.631579,3,148.50991
0.631579,3,148.512776
0.631579,3,148.515589
0.631579,3,148.518476
0.631579,3,148.521373
0.631579,3,148.524332
0.631579,3,148.527259
0.631579,3,148.530252
0.631579,3,148.533211
0.631579,3,148.536185
0.631579,3,148.539132
0.631579,3,148.54227
0.631579,3,148.545275
0.631579,3,148.548248
0.631579,3,148.551179
0.631579,3,148.554172
0.631579,3,148.557158
0.631579,3,148.560079
0.631579,3,148.563021
0.907895,4,148.566863
0.907895,4,148.570753
0.631579,3,148.573655
0.631579,3,148.576644
0.631579,3,148.579634
0.631579,3,148.582561
0.631579,3,148.585541
0.631579,3,148.588547
0.631579,3,148.591565
0.631579,3,148.594592
0.631579,3,148.597484
0.631579,3,148.600393
0.631579,3,148.603274
0.631579,3,148.606182
0.907895,4,148.609964
0.631579,3,148.612839
0.631579,3,148.61566
0.631579,3,148.61849
0.631579,3,148.621363
0.631579,3,148.624235
0.631579,3,148.627033
0.631579,3,148.62993
0.631579,3,148.63279
0.631579,3,148.635743
0.907895,4,148.639395
0.631579,3,148.642146
0.631579,3,148.644951
0.631579,3,148.64783
0.631579,3,148.650666
0.631579,3,148.653553
0.631579,3,148.656429
0.631579,3,148.659293
0.631579,3,148.662166
0.907895,4,148.665909
0.907895,4,148.669631
0.907895,4,148.67334
0.631579,3,148.676149
0.907895,4,148.679968
0.631579,3,148.682808
0.631579,3,148.68565
0.631579,3,148.688442
0.631579,3,148.691185
0.631579,3,148.693987
0.907895,4,148.697779
0.907895,4,148.701406
0.631579,3,148.704135
0.907895,4,148.707765
0.631579,3,148.710549
0.631579,3,148.71334
0.631579,3,148.716122
0.631579,3,148.718891
0.631579,3,148.721674
0.631579,3,148.724478
0.631579,3,148.727217
0.631579,3,148.729981
0.631579,3,148.732744
0.631579,3,148.735612
0.631579,3,148.738384
0.631579,3,148.741151
0.631579,3,148.74392
0.631579,3,148.746747
0.907895,4,148.750487
0.907895,4,148.754199
0.631579,3,148.75697
0.631579,3,148.759747
0.631579,3,148.762605
0.631579,3,148.765427
0.631579,3,148.768256
0.631579,3,148.771088
0.631579,3,148.773942
0.631579,3,148.776732
0.631579,3,148.779619
0.631579,3,148.782537
0.631579,3,148.785417
0.631579,3,148.788358
0.907895,4,148.792382
0.631579,3,148.795363
0.631579,3,148.798302
0.631579,3,148.801272
0.631579,3,148.804231
0.631579,3,148.80713
0.631579,3,148.810036
0.907895,4,148.81394
0.631579,3,148.816876
0.631579,3,148.819722
0.631579,3,148.822568
0.631579,3,148.825472
0.907895,4,148.829426
0.631579,3,148.832381
0.631579,3,148.835263
0.631579,3,148.839251
0.631579,3,148.84214
0.631579,3,148.845054
0.631579,3,148.847971
0.631579,3,148.850852
0.631579,3,148.853724
0.631579,3,148.856619
0.631579,3,148.859547
0.631579,3,148.862492
0.631579,3,148.865381
0.631579,3,148.868318
0.907895,4,148.872153
0.631579,3,148.874996
0.631579,3,148.877837
0.631579,3,148.880596
0.631579,3,148.883445
0.631579,3,148.886307
0.631579,3,148.889197
0.631579,3,148.892077
0.907895,4,148.895985
0.631579,3,148.89886
0.631579,3,148.901706
0.631579,3,148.904546
0.631579,3,148.907532
0.631579,3,148.91038
0.631579,3,148.913335
0.631579,3,148.916279
0.631579,3,148.919184
0.631579,3,148.922118
0.631579,3,148.924987
0.631579,3,148.92783
0.631579,3,148.930739
0.631579,3,148.933556
0.631579,3,148.936457
0.631579,3,148.939351
0.631579,3,148.942249
0.907895,4,148.946247
0.631579,3,148.949203
0.631579,3,148.952158
0.631579,3,148.955094
0.631579,3,148.958082
0.631579,3,148.960955
0.631579,3,148.963872
0.907895,4,148.968109
0.631579,3,148.97124
0.631579,3,148.974265
0.631579,3,148.977352
0.631579,3,148.980353
0.631579,3,148.983268
0.631579,3,148.986217
0.631579,3,148.989165
0.631579,3,148.992203
0.631579,3,148.99513
0.631579,3,148.998032
0.631579,3,149.000876
0.631579,3,149.003674
0.631579,3,149.006508
0.631579,3,149.0094
0.631579,3,149.012374
0.631579,3,149.01533
0.631579,3,149.018214
0.631579,3,149.021077
1.184211,5,149.025873
0.631579,3,149.02949
0.631579,3,149.033931
0.631579,3,149.037857
0.631579,3,149.041529
0.631579,3,149.044409
0.631579,3,149.047322
0.631579,3,149.050225
0.631579,3,149.053141
0.631579,3,149.055936
0.631579,3,149.05881
0.631579,3,149.061602
1.184211,5,149.066434
0.631579,3,149.069384
0.907895,4,149.073378
0.907895,4,149.077279
0.631579,3,149.080251
0.631579,3,149.083208
0.631579,3,149.086165
0.631579,3,149.089134
0.907895,4,149.093084
0.631579,3,149.096014
0.631579,3,149.098962
0.631579,3,149.101909
0.631579,3,149.104844
0.631579,3,149.107806
0.631579,3,149.110762
0.631579,3,149.113725
0.631579,3,149.116682
0.631579,3,149.119635
0.631579,3,149.122583
0.631579,3,149.125532
0.631579,3,149.12852
0.631579,3,149.131422
0.631579,3,149.134365
0.631579,3,149.137284
0.631579,3,149.140204
0.631579,3,149.143101
0.631579,3,149.146036
0.631579,3,149.148971
0.907895,4,149.152823
0.631579,3,149.155689
0.631579,3,149.158627
0.631579,3,149.161596
0.631579,3,149.164563
0.631579,3,149.167505
0.631579,3,149.17046
0.631579,3,149.173426
0.631579,3,149.176343
0.631579,3,149.179327
0.907895,4,149.183226
0.631579,3,149.18611
0.631579,3,149.194001
1.460526,6,149.200708
0.631579,3,149.203713
0.631579,3,149.206703
1.184211,5,149.212073
0.631579,3,149.215534
0.631579,3,149.218578
0.631579,3,149.221579
0.907895,4,149.22555
0.631579,3,149.228671
0.631579,3,149.231686
0.631579,3,149.234702
0.631579,3,149.237771
0.631579,3,149.240798
0.631579,3,149.243724
0.631579,3,149.246614
0.631579,3,149.249494
0.631579,3,149.252459
0.631579,3,149.255458
0.631579,3,149.258414
0.907895,4,149.262306
0.631579,3,149.265198
0.631579,3,149.268132
0.631579,3,149.271115
0.631579,3,149.274103
0.631579,3,149.277106
0.631579,3,149.280106
0.631579,3,149.28308
0.631579,3,149.286038
0.631579,3,149.289005
0.631579,3,149.292
0.631579,3,149.294929
0.631579,3,149.297853
0.631579,3,149.300768
0.631579,3,149.305031
0.907895,4,149.311919
0.631579,3,149.315167
0.631579,3,149.318166
0.907895,4,149.322219
0.631579,3,149.325202
0.631579,3,149.328082
0.631579,3,149.331161
0.631579,3,149.334116
0.631579,3,149.33708
0.631579,3,149.339959
0.631579,3,149.342883
0.631579,3,149.345944
0.631579,3,149.348957
0.631579,3,149.352007
0.631579,3,149.355077
0.631579,3,149.358145
0.631579,3,149.361098
0.631579,3,149.364121
0.631579,3,149.36708
0.631579,3,149.370006
0.631579,3,149.372885
0.631579,3,149.375761
0.907895,4,149.37985
0.907895,4,149.383885
0.631579,3,149.386899
0.631579,3,149.389903
0.631579,3,149.392908
0.631579,3,149.395902
0.631579,3,149.398879
0.631579,3,149.401841
0.631579,3,149.404724
0.631579,3,149.407767
0.631579,3,149.410776
0.631579,3,149.413866
0.631579,3,149.416774
0.631579,3,149.419658
0.631579,3,149.422612
0.631579,3,149.425567
0.631579,3,149.428633
0.631579,3,149.431581
0.631579,3,149.434527
0.631579,3,149.43751
0.907895,4,149.441457
0.631579,3,149.444412
0.631579,3,149.447391
0.631579,3,149.450364
0.907895,4,149.454313
0.631579,3,149.457204
0.631579,3,149.45994
0.631579,3,149.46271
0.631579,3,157.12987
0.631579,3,157.135614
0.631579,3,157.140818
0.631579,3,157.146534
0.631579,3,157.14998
0.631579,3,157.153799
0.631579,3,157.158383
0.631579,3,157.16255
0.907895,4,157.168383
0.631579,3,157.17233
0.631579,3,157.17636
0.631579,3,157.179939
0.631579,3,157.18317
0.631579,3,157.187308
0.631579,3,157.191528
0.631579,3,157.19559
0.631579,3,157.199744
0.631579,3,157.203886
0.631579,3,157.20775
0.631579,3,157.212404
0.631579,3,157.215727
0.631579,3,157.219829
0.631579,3,157.223823
0.631579,3,157.226907
0.631579,3,157.230982
0.907895,4,157.236349
0.631579,3,157.239366
0.907895,4,157.243493
0.631579,3,157.246513
0.631579,3,157.249519
0.631579,3,157.252609
0.631579,3,157.255621
0.631579,3,157.25862
0.631579,3,157.261654
0.631579,3,157.264639
0.631579,3,157.267598
0.631579,3,157.270633
0.631579,3,157.273674
0.631579,3,157.276718
0.631579,3,157.279742
0.631579,3,157.282786
0.631579,3,157.285825
0.631579,3,157.288857
0.631579,3,157.291876
0.631579,3,157.294798
0.631579,3,157.297711
0.631579,3,157.30059
0.631579,3,157.303568
0.631579,3,157.306481
0.631579,3,157.309341
0.631579,3,157.312217
0.631579,3,157.315088
0.631579,3,157.317988
0.631579,3,157.320949
0.631579,3,157.323846
0.631579,3,157.326748
0.907895,4,157.33058
0.631579,3,157.333418
0.631579,3,157.336309
0.631579,3,157.33917
0.631579,3,157.342007
0.631579,3,157.344829
0.631579,3,157.347651
0.631579,3,157.350477
0.631579,3,157.353387
0.631579,3,157.356195
0.631579,3,157.358924
0.631579,3,157.361702
0.631579,3,157.364501
0.631579,3,157.367288
0.631579,3,157.370125
0.631579,3,157.372886
0.631579,3,157.3757
0.631579,3,157.37853
0.631579,3,157.381347
0.631579,3,157.38417
0.631579,3,157.387173
0.631579,3,157.390096
0.631579,3,157.393035
0.631579,3,157.39597
0.631579,3,157.398847
0.631579,3,157.401783
0.631579,3,157.404617
0.631579,3,157.407499
0.631579,3,157.410416
0.907895,4,157.414162
0.631579,3,157.417051
0.907895,4,157.420984
0.631579,3,157.423882
0.631579,3,157.426786
0.631579,3,157.429722
0.276316,2,157.431676
0.631579,3,157.434612
0.631579,3,157.437624
0.631579,3,157.440633
0.631579,3,157.443519
0.631579,3,157.446407
0.631579,3,157.449289
0.631579,3,157.452261
0.631579,3,157.455153
0.907895,4,157.459003
0.631579,3,157.461887
0.631579,3,157.464733
0.631579,3,157.467594
0.631579,3,157.470612
0.631579,3,157.473621
0.631579,3,157.47656
0.631579,3,157.479473
0.631579,3,157.482396
0.631579,3,157.485358
0.631579,3,157.488227
0.631579,3,157.491061
0.631579,3,157.493878
0.631579,3,157.496721
0.631579,3,157.499599
0.631579,3,157.502523
0.631579,3,157.505429
0.631579,3,157.508329
0.631579,3,157.511228
0.631579,3,157.514125
0.631579,3,157.517038
0.631579,3,157.520029
0.631579,3,157.522947
0.907895,4,157.526792
0.631579,3,157.529657
0.631579,3,157.532556
0.907895,4,157.536509
0.631579,3,157.539409
0.631579,3,157.542305
0.631579,3,157.545148
0.631579,3,157.547989
0.631579,3,157.550933
0.631579,3,157.553922
0.631579,3,157.556863
0.631579,3,157.559771
0.631579,3,157.562722
0.631579,3,157.565659
0.631579,3,157.568665
0.631579,3,157.57153
0.631579,3,157.574343
0.907895,4,157.578125
0.631579,3,157.580931
0.631579,3,157.583825
0.631579,3,157.586829
0.631579,3,157.589715
0.631579,3,157.592588
0.631579,3,157.595502
0.907895,4,157.599473
0.631579,3,157.602472
0.631579,3,157.605341
0.631579,3,157.608268
0.631579,3,157.611188
0.907895,4,157.615158
0.631579,3,157.618092
0.631579,3,157.621111
0.631579,3,157.624006
0.631579,3,157.626926
0.631579,3,157.629859
0.631579,3,157.632826
0.631579,3,157.635764
0.631579,3,157.638635
0.631579,3,157.641644
0.631579,3,157.64459
0.631579,3,157.647529
0.631579,3,157.650477
0.631579,3,157.653496
0.631579,3,157.656439
0.631579,3,157.659369
0.631579,3,157.66232
0.631579,3,157.665248
0.631579,3,157.668244
0.631579,3,157.671355
0.907895,4,157.675259
0.631579,3,157.678158
0.907895,4,157.681954
0.631579,3,157.684873
0.631579,3,157.687884
0.631579,3,157.690825
0.631579,3,157.69376
0.631579,3,157.69669
0.631579,3,157.699533
0.631579,3,157.70248
0.631579,3,157.705333
0.631579,3,157.708176
0.631579,3,157.711028
0.631579,3,157.713882
0.631579,3,157.716746
0.631579,3,157.719693
1.184211,5,157.724533
0.631579,3,157.727416
0.631579,3,157.730356
0.907895,4,157.734273
0.631579,3,157.737387
0.631579,3,157.740321
0.631579,3,157.743253
0.631579,3,157.746153
0.631579,3,157.749012
0.631579,3,157.7518
0.631579,3,157.754642
0.631579,3,157.757509
0.907895,4,157.761345
0.631579,3,157.764302
0.631579,3,157.767277
0.631579,3,157.770257
0.631579,3,157.773173
0.907895,4,157.777083
0.631579,3,157.780026
0.631579,3,157.782977
0.631579,3,157.785874
0.631579,3,157.788699
0.631579,3,157.791515
0.907895,4,157.795436
0.631579,3,157.798377
0.631579,3,157.801309
0.631579,3,157.804243
0.631579,3,157.807127
0.631579,3,157.810015
0.631579,3,157.812921
0.631579,3,157.815826
0.907895,4,157.819734
0.631579,3,157.822627
1.184211,5,157.82754
0.907895,4,157.831423
0.631579,3,157.83435
0.631579,3,157.837341
0.631579,3,157.84028
0.631579,3,157.843193
0.631579,3,157.846085
0.631579,3,157.848977
0.631579,3,157.851801
0.631579,3,157.85469
0.631579,3,157.857536
0.631579,3,157.860463
0.631579,3,157.863381
0.631579,3,157.866317
0.631579,3,157.869336
0.631579,3,157.872254
0.631579,3,157.875164
0.631579,3,157.878058
0.631579,3,157.880977
0.631579,3,157.883894
0.631579,3,157.886901
0.631579,3,157.889797
0.907895,4,157.893716
0.631579,3,157.896663
0.631579,3,157.899614
0.631579,3,157.902634
0.631579,3,157.905545
0.631579,3,157.908451
0.631579,3,157.911339
0.631579,3,157.914239
0.631579,3,157.917136
0.631579,3,157.920021
0.631579,3,157.922852
0.631579,3,157.925704
0.631579,3,157.928587
0.631579,3,157.931461
0.631579,3,157.934284
0.907895,4,157.938097
0.631579,3,157.941025
0.631579,3,157.943969
0.631579,3,157.946946
0.631579,3,157.94993
0.631579,3,157.953608
0.631579,3,157.957705
0.907895,4,157.963077
0.631579,3,157.966312
0.631579,3,157.96924
0.907895,4,157.9732
0.631579,3,157.976157
0.631579,3,157.979093
0.631579,3,157.982004
0.631579,3,157.984863
0.907895,4,157.988679
0.631579,3,157.991585
0.631579,3,157.994528
0.631579,3,157.99737
0.631579,3,158.000201
0.631579,3,158.002987
0.631579,3,158.005765
0.631579,3,158.008551
0.631579,3,158.011368
0.631579,3,158.014218
0.631579,3,158.017055
0.907895,4,158.020838
0.631579,3,158.02374
0.631579,3,158.026666
0.631579,3,158.029581
0.631579,3,158.03248
0.631579,3,158.035347
0.631579,3,158.038383
0.907895,4,158.044416
0.631579,3,158.048419
0.631579,3,158.052476
0.631579,3,158.05556
0.907895,4,158.059442
0.631579,3,158.062462
0.631579,3,158.065403
0.631579,3,158.068339
0.631579,3,158.071394
0.631579,3,158.074349
0.631579,3,158.077259
0.631579,3,158.080128
0.907895,4,158.083942
0.631579,3,158.08693
0.631579,3,158.089821
0.907895,4,158.093586
0.631579,3,158.096384
0.631579,3,158.099178
0.631579,3,158.101964
0.631579,3,158.104814
0.907895,4,158.10859
0.907895,4,158.112396
0.631579,3,158.115288
0.631579,3,158.118179
0.631579,3,158.12113
0.631579,3,158.129035
0.631579,3,158.132234
0.631579,3,158.135423
0.631579,3,158.138867
0.631579,3,158.141894
0.631579,3,158.144835
0.631579,3,158.147807
0.631579,3,158.150723
0.631579,3,158.153836
0.631579,3,158.156749
0.631579,3,158.159673
0.631579,3,158.16264
0.907895,4,158.166608
0.631579,3,158.169662
0.631579,3,158.172667
0.631579,3,158.175609
0.631579,3,158.17854
0.631579,3,158.181473
0.631579,3,158.18425
0.631579,3,158.187207
0.631579,3,158.190182
0.631579,3,158.193053
0.631579,3,158.195909
0.276316,2,158.197798
0.631579,3,158.200706
0.631579,3,158.203707
0.631579,3,158.206627
0.631579,3,158.20955
0.907895,4,158.213378
0.631579,3,158.21627
0.631579,3,158.219187
0.631579,3,158.2221
0.631579,3,158.225053
0.631579,3,158.227919
0.631579,3,158.230738
0.631579,3,158.233607
0.631579,3,158.236506
0.631579,3,158.239369
0.631579,3,158.242316
0.631579,3,158.245209
0.631579,3,158.24806
0.631579,3,158.250879
0.907895,4,158.254764
0.631579,3,158.25763
0.631579,3,158.260513
0.631579,3,158.263449
0.631579,3,158.266406
0.631579,3,158.269479
0.631579,3,158.27233
0.631579,3,158.275185
0.631579,3,158.278074
0.631579,3,158.280956
0.631579,3,158.283855
0.631579,3,158.286882
0.631579,3,158.289775
0.631579,3,158.29265
0.631579,3,158.295578
0.631579,3,158.29848
0.631579,3,158.301371
0.631579,3,158.30439
0.631579,3,158.307311
0.631579,3,158.31025
0.631579,3,158.313186
0.631579,3,158.316146
0.631579,3,158.319138
0.631579,3,158.322272
0.631579,3,158.325173
0.631579,3,158.328166
0.631579,3,158.331038
0.631579,3,158.334001
0.631579,3,158.33706
0.631579,3,158.340009
0.631579,3,158.34294
0.631579,3,158.345868
0.631579,3,158.348673
0.631579,3,158.351541
0.631579,3,158.354511
0.631579,3,158.35739
0.631579,3,158.360292
0.631579,3,158.363266
0.631579,3,158.366208
0.631579,3,158.369179
0.631579,3,158.372061
0.631579,3,158.374938
0.631579,3,158.377891
0.907895,4,158.381739
0.907895,4,158.385695
0.631579,3,158.388729
0.631579,3,158.391519
0.907895,4,158.395287
0.631579,3,158.398183
0.907895,4,158.402091
0.631579,3,158.405086
0.631579,3,158.407976
0.631579,3,158.410875
0.631579,3,158.413766
0.631579,3,158.416681
0.631579,3,158.419713
0.631579,3,158.422632
0.631579,3,158.425564
0.631579,3,158.42853
0.631579,3,158.431409
0.631579,3,158.434312
0.631579,3,158.437286
0.631579,3,158.440245
0.631579,3,158.443116
0.631579,3,158.446043
0.631579,3,158.449032
0.631579,3,158.451987
0.907895,4,158.456042
0.631579,3,158.458935
0.631579,3,158.461854
0.631579,3,158.464789
0.631579,3,158.467744
0.631579,3,158.470762
0.631579,3,158.47372
0.631579,3,158.476687
0.631579,3,158.479685
0.631579,3,158.482624
1.184211,5,158.487404
0.631579,3,158.490332
0.631579,3,158.493274
0.631579,3,158.496213
0.631579,3,158.499173
0.631579,3,158.50215
0.631579,3,158.505105
0.631579,3,158.507967
0.631579,3,158.510841
0.631579,3,158.51373
0.631579,3,158.516619
0.907895,4,158.520644
0.631579,3,158.523532
0.631579,3,158.526441
0.631579,3,158.52935
0.907895,4,158.53325
0.631579,3,158.536364
0.631579,3,158.53933
0.631579,3,158.542335
0.631579,3,158.545303
0.631579,3,158.548283
0.631579,3,158.55122
0.631579,3,158.554243
0.631579,3,158.557246
0.631579,3,158.560131
0.631579,3,158.562976
0.631579,3,158.56587
0.631579,3,158.568755
0.631579,3,158.571695
0.631579,3,158.57457
0.631579,3,158.577446
0.631579,3,158.580346
0.631579,3,158.583193
0.631579,3,158.586103
0.631579,3,158.588976
0.631579,3,158.591853
0.631579,3,158.594661
0.631579,3,158.597529
0.631579,3,158.600401
0.631579,3,158.603324
0.631579,3,158.606188
0.631579,3,158.609087
0.631579,3,158.611941
0.631579,3,158.61474
0.631579,3,158.61758
0.631579,3,158.620535
0.907895,4,158.624221
0.631579,3,158.627006
0.631579,3,158.629765
0.631579,3,158.632501
0.631579,3,158.635219
0.631579,3,158.638041
0.631579,3,158.640763
0.631579,3,158.643483
0.631579,3,158.646294
0.631579,3,158.649092
0.631579,3,158.651996
0.631579,3,158.654954
0.631579,3,158.657816
0.631579,3,158.660704
0.631579,3,158.663662
0.631579,3,158.666627
0.631579,3,158.669679
0.907895,4,158.673573
0.631579,3,158.676467
0.631579,3,158.679353
0.631579,3,158.682249
0.631579,3,158.685153
0.631579,3,158.688005
0.631579,3,158.690864
0.907895,4,158.694471
0.631579,3,158.697207
0.631579,3,158.69996
0.631579,3,158.70274
0.907895,4,158.706457
0.631579,3,158.709206
1.184211,5,158.713762
0.631579,3,158.716567
0.631579,3,158.719476
0.631579,3,158.722344
0.631579,3,158.725205
0.631579,3,158.72799
0.631579,3,158.730863
0.631579,3,158.733747
0.631579,3,158.736722
0.631579,3,158.739607
0.631579,3,158.742469
0.631579,3,158.745355
0.631579,3,158.748237
0.631579,3,158.751114
0.631579,3,158.754071
0.631579,3,158.756968
0.631579,3,158.759844
0.631579,3,158.762716
0.631579,3,158.765582
0.631579,3,158.768455
0.631579,3,158.771415
0.631579,3,158.774288
0.631579,3,158.777134
0.631579,3,158.779959
0.631579,3,158.782825
0.631579,3,158.785664
0.631579,3,158.788588
0.631579,3,158.791471
0.631579,3,158.794357
0.631579,3,158.797222
0.631579,3,158.800106
0.631579,3,158.80304
0.631579,3,158.805819
0.631579,3,158.808571
0.631579,3,158.811261
0.631579,3,158.813966
0.631579,3,158.816657
0.631579,3,158.819395
0.631579,3,158.822401
0.631579,3,158.825329
0.631579,3,158.828188
0.907895,4,158.832014
0.631579,3,158.834771
0.631579,3,158.838674
0.631579,3,158.841577
0.631579,3,158.844441
0.631579,3,158.847283
0.631579,3,158.850106
0.631579,3,158.853023
0.631579,3,158.855762
0.631579,3,158.858614
0.631579,3,158.861456
0.631579,3,158.864336
0.631579,3,158.867225
0.631579,3,158.870164
0.631579,3,158.87302
0.631579,3,158.875807
0.631579,3,158.878676
0.631579,3,158.881537
0.631579,3,158.884412
0.631579,3,158.887361
0.631579,3,158.890311
0.631579,3,158.893301
0.631579,3,158.896281
0.631579,3,158.899258
0.631579,3,158.902227
0.631579,3,158.905271
0.631579,3,158.908275
0.631579,3,158.91118
0.631579,3,158.91418
0.907895,4,158.918108
0.631579,3,158.921152
0.631579,3,158.924152
0.631579,3,158.927148
0.631579,3,158.93015
0.907895,4,158.934162
0.907895,4,158.937969
0.631579,3,158.940811
0.907895,4,158.944634
0.631579,3,158.947501
0.631579,3,158.950418
0.631579,3,158.953421
0.907895,4,158.957281
0.631579,3,158.960201
0.631579,3,158.963103
0.631579,3,158.966015
0.631579,3,158.96892
0.631579,3,158.971901
0.631579,3,158.974804
0.631579,3,158.9777
1.184211,5,158.982245
0.631579,3,158.985135
0.631579,3,158.989447
0.631579,3,158.994515
0.631579,3,158.997449
0.907895,4,159.001319
0.631579,3,159.004301
0.631579,3,159.007271
0.631579,3,159.01023
0.631579,3,159.01318
0.631579,3,159.016114
0.631579,3,159.019037
0.631579,3,159.021937
0.276316,2,159.023835
0.631579,3,159.026741
0.631579,3,159.029652
0.631579,3,159.032575
0.907895,4,159.036493
0.631579,3,159.039421
0.631579,3,159.042346
0.631579,3,159.045289
0.631579,3,159.048189
0.631579,3,159.051081
0.631579,3,159.053974
0.631579,3,159.056882
0.631579,3,159.059786
0.631579,3,159.062774
0.631579,3,159.065711
0.631579,3,159.06861
0.631579,3,159.071529
0.631579,3,159.07454
0.631579,3,159.077513
0.631579,3,159.080506
0.907895,4,159.08442
0.631579,3,159.087325
0.631579,3,159.090257
0.631579,3,159.093147
0.631579,3,159.096037
0.631579,3,159.098966
0.631579,3,159.101907
0.631579,3,159.104833
0.631579,3,159.107758
0.631579,3,159.110679
0.631579,3,159.113506
0.631579,3,159.116303
0.631579,3,159.119195
0.631579,3,159.122099
0.631579,3,159.12502
0.631579,3,159.127951
0.631579,3,159.13096
0.631579,3,159.133922
0.631579,3,159.136883
0.631579,3,159.139865
0.631579,3,159.142827
0.631579,3,159.145725
0.631579,3,159.148656
0.631579,3,159.151673
0.631579,3,159.154693
0.631579,3,159.157695
0.631579,3,159.160594
0.631579,3,159.163575
0.631579,3,166.860857
0.631579,3,166.867038
0.631579,3,166.872485
0.631579,3,166.875713
0.631579,3,166.878848
0.631579,3,166.883907
0.907895,4,166.889495
0.631579,3,166.893647
0.631579,3,166.89801
0.907895,4,166.905339
0.631579,3,166.909685
0.631579,3,166.915163
0.631579,3,166.919729
0.631579,3,166.923819
0.631579,3,166.928
0.631579,3,166.93199
0.907895,4,166.937814
0.631579,3,166.942042
0.907895,4,166.947376
0.907895,4,166.952846
0.631579,3,166.957541
0.631579,3,166.961868
0.631579,3,166.966818
0.631579,3,166.970561
0.631579,3,166.97351
0.631579,3,166.977068
0.631579,3,166.981306
0.631579,3,166.985495
0.631579,3,166.989823
0.631579,3,166.993955
0.631579,3,166.997541
0.631579,3,167.000584
0.631579,3,167.003596
0.631579,3,167.006741
0.631579,3,167.009709
0.631579,3,167.012765
0.631579,3,167.015662
0.631579,3,167.01866
0.907895,4,167.022521
0.631579,3,167.025426
0.631579,3,167.028772
0.907895,4,167.035468
0.631579,3,167.038502
0.631579,3,167.041629
0.631579,3,167.044782
0.631579,3,167.048029
0.631579,3,167.05108
0.907895,4,167.054968
0.631579,3,167.057929
0.631579,3,167.060955
0.907895,4,167.064868
0.907895,4,167.068934
0.631579,3,167.071991
0.631579,3,167.074942
0.631579,3,167.077932
0.631579,3,167.080858
0.631579,3,167.08384
0.907895,4,167.087753
0.907895,4,167.09742
0.631579,3,167.101457
0.631579,3,167.104476
0.907895,4,167.108541
0.907895,4,167.113815
0.631579,3,167.117716
0.631579,3,167.121383
1.184211,5,167.126207
0.631579,3,167.129131
0.631579,3,167.132019
0.631579,3,167.134923
0.631579,3,167.137819
0.631579,3,167.140722
0.631579,3,167.143599
0.631579,3,167.146482
0.631579,3,167.149419
0.631579,3,167.152489
0.631579,3,167.155448
0.631579,3,167.15841
0.631579,3,167.161364
0.631579,3,167.164309
0.631579,3,167.167259
0.631579,3,167.170231
0.631579,3,167.173163
0.631579,3,167.176172
0.907895,4,167.180204
0.631579,3,167.183194
0.631579,3,167.186151
0.907895,4,167.19017
0.631579,3,167.19314
0.631579,3,167.195937
0.631579,3,167.198885
0.631579,3,167.201822
0.631579,3,167.204806
0.631579,3,167.207734
0.631579,3,167.210673
0.631579,3,167.213565
0.631579,3,167.216461
0.631579,3,167.219453
0.631579,3,167.222433
0.631579,3,167.225397
0.631579,3,167.228394
0.907895,4,167.232227
0.631579,3,167.23524
0.631579,3,167.238281
0.631579,3,167.241263
0.907895,4,167.245132
0.631579,3,167.248127
0.907895,4,167.252237
0.631579,3,167.255136
0.631579,3,167.258016
0.631579,3,167.260977
0.631579,3,167.263908
0.907895,4,167.267715
0.631579,3,167.270689
0.631579,3,167.27364
0.631579,3,167.276613
0.631579,3,167.279529
0.631579,3,167.28247
0.631579,3,167.285488
0.631579,3,167.288443
0.631579,3,167.291454
0.631579,3,167.294463
0.907895,4,167.298424
0.631579,3,167.301414
0.631579,3,167.304397
0.631579,3,167.307369
0.631579,3,167.310378
0.631579,3,167.313367
0.631579,3,167.316372
0.631579,3,167.319335
0.631579,3,167.322339
0.631579,3,167.325337
0.631579,3,167.328325
0.631579,3,167.331316
0.631579,3,167.334327
0.631579,3,167.337343
0.631579,3,167.340385
0.907895,4,167.344384
0.631579,3,167.347381
0.631579,3,167.350276
0.907895,4,167.354172
0.907895,4,167.357953
0.631579,3,167.360907
0.631579,3,167.363782
0.631579,3,167.366702
0.631579,3,167.369585
0.631579,3,167.372455
0.631579,3,167.375455
0.631579,3,167.378472
0.631579,3,167.38148
0.631579,3,167.384506
0.631579,3,167.387477
0.631579,3,167.390467
0.631579,3,167.393421
0.631579,3,167.396366
0.631579,3,167.399304
0.631579,3,167.402184
0.631579,3,167.405118
0.631579,3,167.408026
0.631579,3,167.410857
0.631579,3,167.413706
0.631579,3,167.417114
0.631579,3,167.421742
0.907895,4,167.42686
0.631579,3,167.430273
0.907895,4,167.434228
0.631579,3,167.437181
0.631579,3,167.440119
0.631579,3,167.443055
0.631579,3,167.445997
0.631579,3,167.448928
0.631579,3,167.451904
0.631579,3,167.454914
0.631579,3,167.457862
0.631579,3,167.460773
0.631579,3,167.463661
0.631579,3,167.468463
0.631579,3,167.472565
0.631579,3,167.476578
0.631579,3,167.479651
0.631579,3,167.482461
0.631579,3,167.485319
0.631579,3,167.488226
0.631579,3,167.491079
0.631579,3,167.494005
0.631579,3,167.496922
0.631579,3,167.499837
0.907895,4,167.503728
0.631579,3,167.506694
0.631579,3,167.509634
0.631579,3,167.51276
0.631579,3,167.515634
0.631579,3,167.518564
0.631579,3,167.521492
0.631579,3,167.524367
0.631579,3,167.527705
0.907895,4,167.531524
0.631579,3,167.534348
0.631579,3,167.537287
0.631579,3,167.540196
0.631579,3,167.542984
0.631579,3,167.545774
0.631579,3,167.548594
0.631579,3,167.551388
0.631579,3,167.554253
0.631579,3,167.557094
0.631579,3,167.559939
0.631579,3,167.562758
0.631579,3,167.565618
0.631579,3,167.568518
0.631579,3,167.571392
0.631579,3,167.575967
0.631579,3,167.580194
0.631579,3,167.585493
1.184211,5,167.591532
0.631579,3,167.594405
0.907895,4,167.598314
0.631579,3,167.601073
0.631579,3,167.603945
0.631579,3,167.606812
0.631579,3,167.609701
0.631579,3,167.612581
0.631579,3,167.615449
0.631579,3,167.618357
0.631579,3,167.621279
0.631579,3,167.624185
0.631579,3,167.627096
0.631579,3,167.630009
0.631579,3,167.632896
0.631579,3,167.635788
0.631579,3,167.638689
0.631579,3,167.641597
0.631579,3,167.644606
0.631579,3,167.647538
0.631579,3,167.650526
0.631579,3,167.653476
0.907895,4,167.657303
0.631579,3,167.660172
0.631579,3,167.663027
0.631579,3,167.665898
0.631579,3,167.668752
0.631579,3,167.671597
0.631579,3,167.674479
0.631579,3,167.677369
0.631579,3,167.680241
0.631579,3,167.683066
0.631579,3,167.685892
0.631579,3,167.688726
0.631579,3,167.691528
0.631579,3,167.694327
0.631579,3,167.697242
0.631579,3,167.700166
0.631579,3,167.703066
0.631579,3,167.705973
0.631579,3,167.709525
0.631579,3,167.714371
0.631579,3,167.718934
0.631579,3,167.721796
0.631579,3,167.724732
0.631579,3,167.727687
0.631579,3,167.730659
0.631579,3,167.733628
0.631579,3,167.736637
0.631579,3,167.73958
0.631579,3,167.742529
0.631579,3,167.745444
0.631579,3,167.748357
0.631579,3,167.75124
0.631579,3,167.754203
0.631579,3,167.757088
0.631579,3,167.759968
0.631579,3,167.762897
0.631579,3,167.765803
0.631579,3,167.768675
0.631579,3,167.771551
0.631579,3,167.774354
0.631579,3,167.777169
0.631579,3,167.779979
0.631579,3,167.782892
0.631579,3,167.785751
0.631579,3,167.788964
0.631579,3,167.792856
0.631579,3,167.796983
0.631579,3,167.800417
0.631579,3,167.803406
0.631579,3,167.806395
0.631579,3,167.809357
0.631579,3,167.812357
0.631579,3,167.815339
0.631579,3,167.818323
0.631579,3,167.821276
0.631579,3,167.824223
0.631579,3,167.827155
0.631579,3,167.83004
0.631579,3,167.832974
0.631579,3,167.835882
0.907895,4,167.839807
0.631579,3,167.842721
0.631579,3,167.845578
0.907895,4,167.849493
0.907895,4,167.853394
0.907895,4,167.857246
0.631579,3,167.860185
0.631579,3,167.863085
0.631579,3,167.865989
0.631579,3,167.86891
0.631579,3,167.87182
0.631579,3,167.874627
0.631579,3,167.877479
0.631579,3,167.880347
0.631579,3,167.883236
0.631579,3,167.886148
0.631579,3,167.889096
0.631579,3,167.892063
0.631579,3,167.895022
0.631579,3,167.897933
0.631579,3,167.900865
0.631579,3,167.903747
0.631579,3,167.906713
0.907895,4,167.910604
0.631579,3,167.913469
0.631579,3,167.916327
0.631579,3,167.919178
0.907895,4,167.923088
0.631579,3,167.925959
0.631579,3,167.929846
0.631579,3,167.934602
0.631579,3,167.938535
0.631579,3,167.942473
0.631579,3,167.946817
0.631579,3,167.950486
0.631579,3,167.954347
0.631579,3,167.957225
0.631579,3,167.959991
1.184211,5,167.964774
0.631579,3,167.967614
0.631579,3,167.970455
0.631579,3,167.973299
0.907895,4,167.977098
0.631579,3,167.980017
0.631579,3,167.982952
0.631579,3,167.985771
0.631579,3,167.988696
0.631579,3,167.991543
0.631579,3,167.994383
0.631579,3,167.998161
0.631579,3,168.002731
0.631579,3,168.00713
0.631579,3,168.011182
0.631579,3,168.014576
0.631579,3,168.017508
0.631579,3,168.020393
0.631579,3,168.023274
0.631579,3,168.026155
0.631579,3,168.029058
0.631579,3,168.031905
0.907895,4,168.03575
0.631579,3,168.03862
0.631579,3,168.0415
0.907895,4,168.04541
0.631579,3,168.048235
0.631579,3,168.051072
0.631579,3,168.053918
0.631579,3,168.056732
0.631579,3,168.059593
0.631579,3,168.062468
0.631579,3,168.065382
0.631579,3,168.068299
0.631579,3,168.071195
0.631579,3,168.074103
0.631579,3,168.07702
0.631579,3,168.079919
0.631579,3,168.082783
0.631579,3,168.085701
0.631579,3,168.088611
0.631579,3,168.091592
0.631579,3,168.094585
0.631579,3,168.097518
0.631579,3,168.100457
0.631579,3,168.103458
0.631579,3,168.106373
0.631579,3,168.109346
0.631579,3,168.11235
0.631579,3,168.115266
0.631579,3,168.118144
0.631579,3,168.120942
0.907895,4,168.124773
0.907895,4,168.128569
0.631579,3,168.131522
0.631579,3,168.134473
0.631579,3,168.137392
0.631579,3,168.140301
0.631579,3,168.143261
0.631579,3,168.146235
0.631579,3,168.149126
0.631579,3,168.151993
0.631579,3,168.154871
0.631579,3,168.157732
0.631579,3,168.16059
0.631579,3,168.163424
0.631579,3,168.166354
0.631579,3,168.169208
0.631579,3,168.172101
0.631579,3,168.174971
0.631579,3,168.177858
0.631579,3,168.180762
0.631579,3,168.183658
0.631579,3,168.186564
0.631579,3,168.189465
0.631579,3,168.192354
0.631579,3,168.195288
0.631579,3,168.198184
0.631579,3,168.201081
0.907895,4,168.204918
0.631579,3,168.207831
0.631579,3,168.210763
0.907895,4,168.214564
0.631579,3,168.217446
0.631579,3,168.220331
0.631579,3,168.223241
0.631579,3,168.22612
0.631579,3,168.22902
0.631579,3,168.231879
0.631579,3,168.234781
0.631579,3,168.237672
0.631579,3,168.240611
0.631579,3,168.243481
0.631579,3,168.246387
0.631579,3,168.249264
0.631579,3,168.252169
0.631579,3,168.255077
0.631579,3,168.258014
0.631579,3,168.260954
0.631579,3,168.263873
0.631579,3,168.266721
0.631579,3,168.269509
0.631579,3,168.27232
0.631579,3,168.275112
0.631579,3,168.277925
0.631579,3,168.280766
0.631579,3,168.283571
0.631579,3,168.286332
0.631579,3,168.289098
0.631579,3,168.291855
0.631579,3,168.294612
0.631579,3,168.297414
0.907895,4,168.301143
0.631579,3,168.304013
0.631579,3,168.306891
0.631579,3,168.309727
0.631579,3,168.312589
0.631579,3,168.315407
0.631579,3,168.318238
0.631579,3,168.321051
0.631579,3,168.323855
0.631579,3,168.326739
0.631579,3,168.329598
0.631579,3,168.332377
0.631579,3,168.335128
0.631579,3,168.337851
0.631579,3,168.340581
0.631579,3,168.343315
0.631579,3,168.346158
0.631579,3,168.354197
0.907895,4,168.358378
0.631579,3,168.361514
0.631579,3,168.364658
0.631579,3,168.367392
0.631579,3,168.370236
0.631579,3,168.373053
0.907895,4,168.376735
0.631579,3,168.379738
0.631579,3,168.382536
0.631579,3,168.385396
0.631579,3,168.3882
0.631579,3,168.390939
0.631579,3,168.393781
0.631579,3,168.396623
0.631579,3,168.399443
0.631579,3,168.402301
0.631579,3,168.405147
0.907895,4,168.408931
0.631579,3,168.411754
0.631579,3,168.414566
0.907895,4,168.418208
0.631579,3,168.420939
0.631579,3,168.423665
0.631579,3,168.426488
0.631579,3,168.42942
0.631579,3,168.432318
0.631579,3,168.435207
0.631579,3,168.438103
0.631579,3,168.440936
0.631579,3,168.443764
0.631579,3,168.446626
0.631579,3,168.449469
0.631579,3,168.452305
0.631579,3,168.455257
0.631579,3,168.458152
0.631579,3,168.461042
0.631579,3,168.463925
0.631579,3,168.466917
0.631579,3,168.470202
0.631579,3,168.473121
0.631579,3,168.475959
0.631579,3,168.47904
0.631579,3,168.482346
0.631579,3,168.485126
0.631579,3,168.487887
0.631579,3,168.490664
0.631579,3,168.493398
0.631579,3,168.496335
0.631579,3,168.499158
0.631579,3,168.501978
0.631579,3,168.504792
0.907895,4,168.508586
0.631579,3,168.512162
0.631579,3,168.516979
0.631579,3,168.520686
0.631579,3,168.523513
0.631579,3,168.526455
0.631579,3,168.529336
0.907895,4,168.533088
0.631579,3,168.535901
0.631579,3,168.538751
0.631579,3,168.541662
0.631579,3,168.544655
0.907895,4,168.548582
0.631579,3,168.551535
0.631579,3,168.554417
0.907895,4,168.558297
0.631579,3,168.561232
0.631579,3,168.564082
0.631579,3,168.566986
0.631579,3,168.569885
0.907895,4,168.573583
0.631579,3,168.576389
0.631579,3,168.579245
0.631579,3,168.582129
0.631579,3,168.584968
0.631579,3,168.587798
0.631579,3,168.590717
0.631579,3,168.593629
0.631579,3,168.596566
0.631579,3,168.59946
0.631579,3,168.602397
0.631579,3,168.605345
0.631579,3,168.608311
0.631579,3,168.611258
0.631579,3,168.614164
0.631579,3,168.617111
0.631579,3,168.620052
0.631579,3,168.622991
0.631579,3,168.625929
0.631579,3,168.6289
0.631579,3,168.631837
0.631579,3,168.634615
0.631579,3,168.637442
0.631579,3,168.64028
0.631579,3,168.643045
0.631579,3,168.645899
0.631579,3,168.648798
0.631579,3,168.651661
0.907895,4,168.655616
0.631579,3,168.658525
0.631579,3,168.661489
0.631579,3,168.66433
0.631579,3,168.667814
0.631579,3,168.672133
0.631579,3,168.675877
0.907895,4,168.680522
0.631579,3,168.68319
0.631579,3,168.685921
0.631579,3,168.688636
0.631579,3,168.691429
0.631579,3,168.694267
0.631579,3,168.697067
0.631579,3,168.69987
0.631579,3,168.702694
0.631579,3,168.705487
0.631579,3,168.708143
0.631579,3,168.710895
0.631579,3,168.713729
0.631579,3,168.716481
0.631579,3,168.719222
0.631579,3,168.722809
0.631579,3,168.72558
0.631579,3,168.728472
0.631579,3,168.731252
0.631579,3,168.734169
0.631579,3,168.737139
0.631579,3,168.740035
0.631579,3,168.742954
0.631579,3,168.74728
0.631579,3,168.752798
0.631579,3,168.756124
0.631579,3,168.759035
0.631579,3,168.761918
0.631579,3,168.764848
0.907895,4,168.768756
0.631579,3,168.771572
0.631579,3,168.774508
0.631579,3,168.777344
0.631579,3,168.780174
0.631579,3,168.783008
0.631579,3,168.785853
0.631579,3,168.788716
0.631579,3,168.791575
0.631579,3,168.794397
0.631579,3,168.797317
0.631579,3,168.800223
0.631579,3,168.803135
0.631579,3,168.80608
0.631579,3,168.809008
0.631579,3,168.811972
0.631579,3,168.814994
0.907895,4,168.818915
0.631579,3,168.821863
0.631579,3,168.824785
0.631579,3,168.827672
0.631579,3,168.830609
0.631579,3,168.833545
0.631579,3,168.836465
0.631579,3,168.840532
0.631579,3,168.843532
0.631579,3,168.846538
0.631579,3,168.849579
0.631579,3,168.852495
0.631579,3,168.85551
0.631579,3,168.858472
0.631579,3,168.861365
0.631579,3,168.864278
0.631579,3,168.867162
0.631579,3,168.870049
0.631579,3,168.872835
0.631579,3,168.875546
0.631579,3,168.878426
0.631579,3,168.881227
0.631579,3,168.884
0.631579,3,168.886894
0.907895,4,168.89074
0.631579,3,168.893651
0.631579,3,168.896585
0.631579,3,168.899489
0.631579,3,168.902433
0.631579,3,168.905332
0.631579,3,168.908314
0.631579,3,168.911253
0.631579,3,168.914181
0.631579,3,168.917069
0.631579,3,168.920053
0.907895,4,168.924039
0.631579,3,168.927058
0.631579,3,168.930061
0.631579,3,168.932934
0.631579,3,168.935806
0.631579,3,168.938609
0.907895,4,168.942504
0.631579,3,168.945377
0.631579,3,168.948256
0.631579,3,168.951116
0.631579,3,168.954026
0.276316,2,176.635607
0.631579,3,176.640844
0.631579,3,176.645536
0.631579,3,176.650617
0.631579,3,176.655584
0.276316,2,176.658822
0.631579,3,176.662616
0.276316,2,176.664892
0.631579,3,176.668438
0.631579,3,176.672868
0.631579,3,176.677469
0.631579,3,176.680724
0.631579,3,176.68392
0.631579,3,176.687455
0.631579,3,176.691557
0.631579,3,176.69683
0.907895,4,176.702336
0.631579,3,176.70646
0.276316,2,176.709234
1.184211,5,176.714456
0.276316,2,176.717161
0.631579,3,176.720755
0.631579,3,176.723694
0.631579,3,176.727536
0.276316,2,176.730337
0.276316,2,176.733006
0.276316,2,176.735738
0.631579,3,176.740176
0.631579,3,176.744266
0.631579,3,176.748228
0.631579,3,176.751645
0.276316,2,176.753792
0.631579,3,176.757004
0.631579,3,176.759974
0.907895,4,176.764142
0.276316,2,176.766583
0.276316,2,176.76935
0.631579,3,176.773368
0.631579,3,176.7774
0.631579,3,176.781268
0.276316,2,176.783375
1.184211,5,176.788597
0.631579,3,176.791679
0.276316,2,176.793678
0.276316,2,176.79565
0.631579,3,176.799447
0.631579,3,176.802437
0.276316,2,176.804468
0.907895,4,176.808495
0.276316,2,176.810749
0.276316,2,176.812829
0.631579,3,176.815832
0.631579,3,176.818904
0.631579,3,176.821898
0.631579,3,176.825052
0.276316,2,176.827177
0.631579,3,176.830201
0.631579,3,176.833313
0.631579,3,176.836806
0.907895,4,176.840911
0.631579,3,176.843985
0.631579,3,176.847197
0.631579,3,176.850269
0.631579,3,176.853375
0.276316,2,176.85555
0.631579,3,176.858726
0.631579,3,176.86208
0.276316,2,176.864173
0.631579,3,176.867416
0.631579,3,176.87063
0.907895,4,176.874629
0.631579,3,176.877679
0.631579,3,176.880891
0.631579,3,176.884004
0.631579,3,176.887221
0.631579,3,176.890418
0.631579,3,176.893473
0.631579,3,176.897565
0.631579,3,176.901697
0.276316,2,176.904464
0.631579,3,176.9077
0.631579,3,176.910723
0.631579,3,176.914166
0.631579,3,176.917513
0.276316,2,176.919802
0.276316,2,176.922398
0.276316,2,176.925094
0.631579,3,176.928351
0.276316,2,176.930373
0.631579,3,176.933391
0.631579,3,176.936469
0.631579,3,176.940929
0.552632,3,176.945775
0.631579,3,176.948668
0.631579,3,176.95186
0.907895,4,176.955991
0.276316,2,176.957987
0.631579,3,176.96088
0.631579,3,176.963858
0.631579,3,176.966847
0.631579,3,176.969927
0.276316,2,176.971894
0.631579,3,176.975289
0.631579,3,176.978269
0.631579,3,176.981257
0.631579,3,176.984383
0.276316,2,176.986736
0.631579,3,176.989794
0.631579,3,176.992878
0.631579,3,176.995706
0.631579,3,176.998617
0.631579,3,177.001656
0.631579,3,177.004826
0.631579,3,177.007971
0.631579,3,177.011086
0.631579,3,177.014265
0.631579,3,177.01754
0.631579,3,177.020611
0.276316,2,177.022577
0.631579,3,177.025603
0.631579,3,177.028643
0.276316,2,177.03079
0.631579,3,177.034009
0.276316,2,177.036179
0.631579,3,177.039191
0.631579,3,177.042385
0.631579,3,177.045547
0.907895,4,177.049791
0.631579,3,177.053031
0.631579,3,177.056124
0.552632,3,177.059266
0.631579,3,177.062351
0.631579,3,177.065526
0.631579,3,177.068616
0.631579,3,177.071725
0.631579,3,177.074921
0.276316,2,177.076957
0.631579,3,177.080109
0.631579,3,177.083173
0.631579,3,177.08645
0.276316,2,177.088504
0.276316,2,177.090652
0.631579,3,177.093653
0.631579,3,177.098949
0.276316,2,177.101715
0.631579,3,177.104685
0.631579,3,177.107752
0.631579,3,177.110794
0.276316,2,177.112851
0.631579,3,177.115921
0.631579,3,177.118905
0.631579,3,177.124322
0.631579,3,177.127711
0.631579,3,177.131925
0.276316,2,177.134877
0.276316,2,177.137314
0.631579,3,177.140281
0.631579,3,177.143223
0.631579,3,177.146444
0.276316,2,177.148413
0.276316,2,177.150592
0.631579,3,177.153831
0.631579,3,177.158443
0.631579,3,177.162457
0.631579,3,177.166578
0.631579,3,177.169904
0.631579,3,177.173122
0.631579,3,177.176171
0.631579,3,177.17934
0.631579,3,177.182483
0.631579,3,177.185564
0.631579,3,177.189357
0.631579,3,177.194059
0.631579,3,177.197878
0.631579,3,177.201792
0.631579,3,177.204785
0.276316,2,177.206735
0.907895,4,177.210545
0.631579,3,177.213559
0.631579,3,177.216396
0.631579,3,177.219258
0.631579,3,177.222133
0.276316,2,177.224029
0.631579,3,177.226799
0.907895,4,177.23049
0.631579,3,177.233265
0.631579,3,177.236121
0.631579,3,177.238895
0.276316,2,177.240739
0.631579,3,177.243547
0.631579,3,177.246363
0.631579,3,177.249166
0.631579,3,177.25201
0.631579,3,177.254887
0.631579,3,177.257709
0.907895,4,177.261438
0.276316,2,177.2632
0.631579,3,177.266042
0.631579,3,177.26889
1.184211,5,177.273594
0.631579,3,177.276478
0.276316,2,177.278435
0.631579,3,177.281284
0.907895,4,177.284947
0.631579,3,177.287788
0.631579,3,177.290701
0.276316,2,177.2926
0.276316,2,177.294381
0.631579,3,177.297262
0.631579,3,177.300133
0.631579,3,177.303017
0.631579,3,177.305776
0.631579,3,177.308593
0.276316,2,177.310398
0.276316,2,177.312392
0.907895,4,177.31616
0.631579,3,177.319053
0.631579,3,177.32196
0.631579,3,177.324821
0.631579,3,177.327691
0.631579,3,177.330552
0.276316,2,177.332419
0.631579,3,177.33535
0.631579,3,177.343414
0.276316,2,177.345464
0.631579,3,177.348741
0.631579,3,177.354012
0.631579,3,177.358095
0.276316,2,177.36083
0.631579,3,177.363721
0.631579,3,177.366683
0.631579,3,177.369691
0.276316,2,177.371607
0.631579,3,177.374521
0.631579,3,177.377447
0.631579,3,177.380326
0.631579,3,177.383193
0.631579,3,177.386134
0.631579,3,177.389066
0.631579,3,177.391932
0.907895,4,177.395781
0.631579,3,177.398757
0.631579,3,177.401623
0.907895,4,177.405457
0.276316,2,177.407396
0.631579,3,177.41027
0.631579,3,177.413192
0.631579,3,177.416057
0.631579,3,177.41897
0.631579,3,177.421818
0.631579,3,177.426071
0.631579,3,177.430568
0.631579,3,177.434346
0.631579,3,177.438311
0.631579,3,177.441266
0.631579,3,177.444199
0.276316,2,177.446176
0.276316,2,177.448182
0.276316,2,177.450172
0.631579,3,177.453196
0.631579,3,177.456101
0.631579,3,177.458933
0.631579,3,177.461864
0.631579,3,177.464791
0.631579,3,177.467675
0.907895,4,177.471619
0.631579,3,177.474665
0.828947,4,177.478688
0.631579,3,177.481572
0.631579,3,177.484464
0.631579,3,177.487341
0.907895,4,177.491254
0.631579,3,177.494146
0.907895,4,177.498116
0.276316,2,177.50014
0.631579,3,177.503032
0.276316,2,177.505036
0.631579,3,177.507982
0.276316,2,177.509929
0.631579,3,177.51279
0.631579,3,177.515671
0.631579,3,177.518662
0.907895,4,177.522678
0.631579,3,177.526641
0.276316,2,177.529865
0.276316,2,177.533123
0.631579,3,177.537659
0.631579,3,177.540568
0.631579,3,177.543481
0.276316,2,177.545473
0.631579,3,177.548363
0.907895,4,177.55224
0.276316,2,177.554223
0.631579,3,177.557161
0.276316,2,177.559091
0.276316,2,177.561037
0.631579,3,177.563878
0.631579,3,177.566764
0.631579,3,177.56959
0.631579,3,177.572455
0.276316,2,177.574463
0.631579,3,177.577392
0.631579,3,177.58032
0.276316,2,177.582182
0.276316,2,177.584173
0.631579,3,177.587119
0.631579,3,177.589951
0.631579,3,177.592895
0.631579,3,177.595771
0.631579,3,177.598607
0.276316,2,177.600487
0.631579,3,177.603357
0.631579,3,177.606253
0.631579,3,177.609197
0.907895,4,177.613103
0.631579,3,177.615977
0.631579,3,177.61887
0.631579,3,177.62175
0.907895,4,177.625617
0.631579,3,177.628546
0.631579,3,177.631474
0.631579,3,177.634403
0.631579,3,177.637335
0.907895,4,177.641234
0.631579,3,177.64417
0.631579,3,177.647129
0.631579,3,177.649982
0.631579,3,177.653004
0.276316,2,177.654989
0.631579,3,177.657907
0.631579,3,177.660781
0.276316,2,177.662679
0.276316,2,177.664674
0.631579,3,177.667602
0.631579,3,177.670503
0.631579,3,177.673409
0.276316,2,177.675367
0.631579,3,177.678332
0.631579,3,177.681229
0.276316,2,177.683151
0.631579,3,177.685976
0.907895,4,177.689877
0.631579,3,177.692857
0.276316,2,177.694801
0.631579,3,177.697766
0.631579,3,177.700682
0.631579,3,177.703578
1.184211,5,177.708342
0.631579,3,177.711164
0.631579,3,177.714093
0.907895,4,177.717943
0.631579,3,177.720736
0.631579,3,177.723594
0.631579,3,177.726507
0.276316,2,177.728483
0.631579,3,177.731364
0.631579,3,177.734283
0.631579,3,177.737221
0.631579,3,177.74015
0.631579,3,177.743014
0.552632,3,177.745852
0.631579,3,177.748678
0.631579,3,177.751652
0.276316,2,177.753677
0.276316,2,177.75564
0.276316,2,177.757601
0.276316,2,177.759567
0.631579,3,177.762474
0.907895,4,177.766309
0.631579,3,177.769139
0.631579,3,177.771951
0.631579,3,177.774856
0.631579,3,177.777657
0.631579,3,177.780573
0.276316,2,177.782486
0.631579,3,177.785368
0.631579,3,177.788215
0.631579,3,177.791064
0.276316,2,177.793022
0.631579,3,177.795932
0.631579,3,177.798896
0.276316,2,177.800855
0.631579,3,177.803897
0.631579,3,177.806775
0.631579,3,177.809602
0.276316,2,177.811384
0.631579,3,177.814228
0.631579,3,177.817183
0.631579,3,177.820114
0.631579,3,177.82307
0.631579,3,177.826029
0.631579,3,177.828923
0.631579,3,177.831733
0.276316,2,177.833662
0.276316,2,177.835604
0.631579,3,177.838554
0.631579,3,177.841455
0.276316,2,177.843399
0.276316,2,177.845329
0.631579,3,177.848319
0.631579,3,177.851241
0.907895,4,177.855027
0.276316,2,177.856989
0.631579,3,177.859839
0.631579,3,177.862758
0.631579,3,177.865662
0.631579,3,177.868527
0.276316,2,177.870406
0.631579,3,177.873265
0.631579,3,177.876181
0.631579,3,177.879062
0.276316,2,177.881043
0.631579,3,177.883969
0.276316,2,177.885925
0.631579,3,177.888806
0.631579,3,177.891723
0.631579,3,177.894538
0.631579,3,177.897362
0.276316,2,177.899201
0.276316,2,177.901131
0.907895,4,177.904968
0.631579,3,177.907859
0.631579,3,177.910679
0.276316,2,177.91248
0.631579,3,177.915251
0.631579,3,177.918108
0.552632,3,177.921044
0.631579,3,177.923881
0.276316,2,177.925754
0.631579,3,177.928648
0.907895,4,177.932507
0.631579,3,177.935409
0.631579,3,177.938297
0.276316,2,177.940212
0.631579,3,177.943123
0.631579,3,177.946023
0.276316,2,177.947944
0.276316,2,177.949891
0.631579,3,177.952659
0.631579,3,177.955403
0.907895,4,177.959175
0.631579,3,177.962075
0.631579,3,177.964923
0.631579,3,177.967816
0.631579,3,177.970715
0.631579,3,177.973619
0.276316,2,177.975545
0.907895,4,177.979377
0.276316,2,177.981251
0.631579,3,177.98415
0.631579,3,177.986936
0.631579,3,177.989738
0.631579,3,177.992539
0.631579,3,177.995386
0.631579,3,177.998252
0.276316,2,178.000221
0.276316,2,178.002184
0.631579,3,178.005084
0.907895,4,178.0089
0.631579,3,178.011809
0.631579,3,178.014621
0.631579,3,178.017364
0.631579,3,178.020284
0.907895,4,178.024185
0.631579,3,178.027057
0.631579,3,178.029967
0.276316,2,178.031894
0.907895,4,178.035706
0.552632,3,178.038615
0.276316,2,178.040551
0.631579,3,178.043412
0.907895,4,178.047244
0.631579,3,178.050101
0.276316,2,178.052016
0.631579,3,178.054895
0.631579,3,178.057768
0.276316,2,178.059647
0.631579,3,178.062555
0.631579,3,178.0655
0.631579,3,178.068378
0.631579,3,178.071224
0.631579,3,178.074113
0.276316,2,178.076035
0.631579,3,178.078933
0.276316,2,178.080837
0.631579,3,178.083715
0.631579,3,178.086623
0.631579,3,178.089522
0.907895,4,178.093362
0.631579,3,178.096228
0.631579,3,178.099085
0.631579,3,178.101957
0.631579,3,178.104841
0.631579,3,178.107674
0.631579,3,178.1106
0.276316,2,178.112492
0.631579,3,178.115369
0.276316,2,178.117342
0.907895,4,178.121191
0.631579,3,178.124085
0.276316,2,178.126078
0.631579,3,178.128949
0.276316,2,178.13086
0.631579,3,178.133717
0.631579,3,178.136631
0.631579,3,178.139404
0.631579,3,178.142287
0.631579,3,178.145028
0.631579,3,178.147943
0.631579,3,178.150753
0.631579,3,178.153605
0.631579,3,178.156418
0.552632,3,178.15928
0.276316,2,178.161194
0.631579,3,178.164052
0.631579,3,178.166992
0.631579,3,178.169886
0.631579,3,178.172799
0.631579,3,178.175623
0.631579,3,178.178499
0.276316,2,178.1804
0.276316,2,178.182221
0.631579,3,178.18514
0.631579,3,178.188004
0.276316,2,178.189918
0.631579,3,178.192864
0.907895,4,178.196778
0.631579,3,178.199682
0.276316,2,178.201565
0.631579,3,178.204434
0.631579,3,178.207321
0.631579,3,178.210278
0.631579,3,178.213182
0.276316,2,178.215096
0.631579,3,178.217988
0.631579,3,178.220931
0.631579,3,178.223813
0.631579,3,178.226707
0.276316,2,178.228632
0.631579,3,178.231613
0.276316,2,178.2336
0.631579,3,178.236475
0.276316,2,178.23845
0.276316,2,178.240393
0.631579,3,178.243269
0.631579,3,178.246168
0.631579,3,178.249094
0.631579,3,178.251968
0.631579,3,178.254764
0.631579,3,178.257632
0.276316,2,178.259553
0.276316,2,178.261492
0.631579,3,178.264333
0.631579,3,178.267255
0.631579,3,178.270166
0.631579,3,178.272953
0.631579,3,178.275835
0.631579,3,178.278633
0.907895,4,178.282404
0.631579,3,178.285189
0.631579,3,178.288018
0.631579,3,178.290873
0.631579,3,178.293716
0.276316,2,178.295656
0.552632,3,178.29853
0.631579,3,178.301431
0.276316,2,178.303402
0.631579,3,178.306265
0.631579,3,178.309123
0.276316,2,178.3111
0.276316,2,178.313046
0.631579,3,178.315942
0.631579,3,178.318839
0.631579,3,178.321779
0.631579,3,178.324688
0.631579,3,178.32759
0.631579,3,178.330466
0.276316,2,178.332419
0.276316,2,178.334402
0.907895,4,178.33825
0.276316,2,178.340078
0.276316,2,178.342041
0.631579,3,178.344906
0.631579,3,178.34778
0.631579,3,178.350671
0.276316,2,178.352635
0.631579,3,178.355471
0.631579,3,178.358348
0.631579,3,178.361175
0.276316,2,178.363173
0.631579,3,178.366076
0.631579,3,178.368954
0.631579,3,178.371853
0.276316,2,178.373747
0.631579,3,178.376691
0.631579,3,178.379573
0.631579,3,178.382483
0.276316,2,178.384366
0.631579,3,178.387317
0.631579,3,178.390214
0.631579,3,178.393179
0.631579,3,178.396095
0.631579,3,178.399013
0.631579,3,178.401908
0.631579,3,178.404768
0.907895,4,178.408622
0.631579,3,178.411585
0.631579,3,178.414503
0.631579,3,178.417416
0.276316,2,178.419381
0.631579,3,178.422295
0.631579,3,178.425187
0.631579,3,178.428046
0.631579,3,178.430931
0.276316,2,178.432859
0.631579,3,178.435671
0.276316,2,178.437656
0.631579,3,178.440629
0.631579,3,178.443541
0.631579,3,178.446406
0.631579,3,178.44933
0.276316,2,178.451264
0.276316,2,178.453241
0.631579,3,178.456125
0.631579,3,178.45901
0.631579,3,178.46193
0.907895,4,178.465828
0.631579,3,178.468739
0.631579,3,178.471536
0.631579,3,178.474394
0.631579,3,178.477201
0.631579,3,178.479981
0.631579,3,178.48284
0.631579,3,178.485702
0.907895,4,178.489549
0.631579,3,178.49242
0.631579,3,178.495258
0.631579,3,178.498101
0.631579,3,178.500896
0.631579,3,178.50374
0.631579,3,178.506592
0.552632,3,178.509445
0.631579,3,178.512297
0.631579,3,178.515195
0.631579,3,178.518108
0.631579,3,178.520931
0.631579,3,178.523751
0.631579,3,178.526642
0.631579,3,178.529506
0.631579,3,178.53232
0.907895,4,178.536122
0.631579,3,178.539004
0.631579,3,178.541868
0.276316,2,178.543742
0.631579,3,178.546577
0.631579,3,178.549475
0.631579,3,178.552367
0.631579,3,178.555249
0.631579,3,178.558049
0.276316,2,178.559974
0.907895,4,178.5689
0.631579,3,178.572109
0.631579,3,178.575004
0.631579,3,178.577858
0.631579,3,178.580762
0.631579,3,178.583676
0.631579,3,178.587376
0.631579,3,178.590252
0.631579,3,178.593128
0.631579,3,178.59604
0.631579,3,178.598938
0.631579,3,178.601796
0.631579,3,178.604755
0.631579,3,178.607499
0.631579,3,178.610401
0.276316,2,178.612386
0.631579,3,178.615206
0.907895,4,178.619009
0.907895,4,178.622915
0.631579,3,178.62576
0.631579,3,178.628575
0.631579,3,178.631333
0.631579,3,178.634139
0.631579,3,178.637033
0.631579,3,178.63992
0.631579,3,178.642836
0.631579,3,178.645809
0.276316,2,178.64781
0.276316,2,178.649746
0.631579,3,178.652616
0.631579,3,178.65548
0.631579,3,178.658475
0.631579,3,178.661425
0.631579,3,178.664317
0.631579,3,178.667247
0.276316,2,178.669161
0.631579,3,178.672011
0.276316,2,178.673948
0.631579,3,178.676844
0.276316,2,178.67877
0.631579,3,178.681565
0.631579,3,178.684423
0.631579,3,178.68729
0.552632,3,178.690136
0.631579,3,178.693025
0.631579,3,178.695933
0.631579,3,178.698857
0.631579,3,178.701708
0.631579,3,178.70457
0.276316,2,178.706532
0.276316,2,178.708469
0.276316,2,178.710392
0.631579,3,178.713306
0.276316,2,178.715238
0.631579,3,178.718118
0.276316,2,178.720059
0.907895,4,186.442845
0.631579,3,186.446782
0.631579,3,186.451644
0.631579,3,186.455593
0.631579,3,186.459789
0.631579,3,186.464607
0.631579,3,186.469055
0.631579,3,186.473472
0.631579,3,186.47762
0.631579,3,186.480844
0.631579,3,186.484131
0.631579,3,186.487078
0.631579,3,186.490129
0.907895,4,186.496052
0.631579,3,186.50035
0.631579,3,186.5038
0.631579,3,186.506902
0.907895,4,186.511959
0.631579,3,186.514996
0.631579,3,186.518611
0.631579,3,186.522736
0.631579,3,186.527074
0.276316,2,186.531202
0.907895,4,186.53535
0.631579,3,186.538546
0.907895,4,186.54415
0.631579,3,186.547285
0.907895,4,186.552098
0.631579,3,186.556603
0.631579,3,186.560635
0.631579,3,186.564325
0.631579,3,186.567391
0.631579,3,186.570635
0.631579,3,186.57419
0.631579,3,186.578553
0.631579,3,186.582214
0.631579,3,186.585497
0.631579,3,186.58849
0.276316,2,186.590492
0.276316,2,186.592479
0.631579,3,186.595515
0.631579,3,186.598421
0.631579,3,186.60148
0.631579,3,186.60472
0.631579,3,186.607678
0.631579,3,186.610657
0.276316,2,186.612671
0.631579,3,186.615758
0.907895,4,186.619899
0.631579,3,186.623007
0.631579,3,186.627415
0.631579,3,186.631771
0.631579,3,186.636205
0.631579,3,186.640047
0.631579,3,186.643266
0.631579,3,186.646478
0.631579,3,186.649646
0.631579,3,186.65274
0.907895,4,186.656594
0.631579,3,186.659538
0.631579,3,186.662755
0.631579,3,186.665971
0.631579,3,186.669051
0.276316,2,186.671053
0.631579,3,186.674127
0.631579,3,186.677347
0.631579,3,186.680452
0.631579,3,186.683433
0.631579,3,186.6865
0.631579,3,186.689673
0.631579,3,186.692762
0.907895,4,186.69705
0.631579,3,186.70012
0.276316,2,186.702143
0.276316,2,186.704165
0.631579,3,186.707086
0.631579,3,186.710071
0.631579,3,186.71303
0.631579,3,186.716023
0.631579,3,186.719068
0.276316,2,186.721047
0.631579,3,186.724032
0.631579,3,186.726953
0.631579,3,186.729822
0.552632,3,186.732726
0.631579,3,186.735705
0.631579,3,186.738653
0.631579,3,186.741608
0.631579,3,186.744547
0.907895,4,186.748419
0.631579,3,186.75132
0.631579,3,186.754244
0.631579,3,186.757262
0.631579,3,186.760267
0.907895,4,186.764344
0.631579,3,186.767379
0.631579,3,186.770383
0.631579,3,186.773333
0.907895,4,186.777353
0.631579,3,186.780407
0.631579,3,186.783362
0.631579,3,186.78638
0.631579,3,186.789345
0.631579,3,186.792377
0.631579,3,186.795366
0.631579,3,186.798347
0.631579,3,186.801317
0.631579,3,186.804295
0.631579,3,186.807263
0.631579,3,186.810225
1.184211,5,186.815136
0.631579,3,186.818062
0.631579,3,186.821005
0.631579,3,186.823925
0.631579,3,186.826885
0.631579,3,186.829847
0.631579,3,186.832731
0.631579,3,186.835532
0.631579,3,186.838499
0.631579,3,186.841414
0.631579,3,186.84439
0.631579,3,186.847222
0.631579,3,186.850057
0.631579,3,186.852912
0.631579,3,186.855734
0.631579,3,186.858713
0.631579,3,186.861736
0.631579,3,186.864691
0.631579,3,186.867655
0.631579,3,186.870619
0.631579,3,186.873611
0.631579,3,186.876602
0.631579,3,186.879623
0.631579,3,186.882603
0.631579,3,186.88558
0.631579,3,186.888586
0.631579,3,186.89157
0.631579,3,186.894578
0.631579,3,186.89756
0.631579,3,186.900547
0.631579,3,186.903505
0.631579,3,186.906482
0.631579,3,186.909509
0.631579,3,186.912719
0.631579,3,186.915754
0.631579,3,186.918753
0.631579,3,186.921711
0.631579,3,186.924626
0.631579,3,186.927584
0.276316,2,186.929569
0.631579,3,186.932502
0.631579,3,186.935484
0.631579,3,186.938443
0.631579,3,186.941426
0.631579,3,186.94435
0.631579,3,186.947252
0.631579,3,186.950184
0.631579,3,186.953106
0.631579,3,186.956023
0.631579,3,186.95902
0.631579,3,186.961953
0.631579,3,186.964947
0.631579,3,186.967882
0.631579,3,186.970805
0.907895,4,186.974648
0.631579,3,186.977546
0.631579,3,186.980494
0.631579,3,186.983392
0.631579,3,186.986339
0.631579,3,186.989268
0.631579,3,186.992199
0.631579,3,186.995114
0.631579,3,186.997938
1.184211,5,187.00275
1.184211,5,187.007771
0.907895,4,187.011578
0.631579,3,187.014455
0.631579,3,187.017429
0.631579,3,187.020434
0.907895,4,187.024375
0.631579,3,187.027367
0.631579,3,187.030375
0.631579,3,187.03332
0.631579,3,187.036238
0.631579,3,187.039124
0.631579,3,187.042004
0.631579,3,187.044907
0.631579,3,187.047797
0.631579,3,187.050699
0.631579,3,187.053713
0.631579,3,187.056705
0.907895,4,187.060569
0.631579,3,187.063537
0.631579,3,187.066503
0.907895,4,187.070366
0.631579,3,187.073305
0.276316,2,187.075215
0.631579,3,187.078189
0.631579,3,187.081219
0.631579,3,187.084253
0.631579,3,187.087265
0.631579,3,187.090307
0.631579,3,187.093352
0.631579,3,187.096269
0.631579,3,187.099184
0.631579,3,187.102163
0.276316,2,187.104188
0.631579,3,187.107423
0.631579,3,187.110487
0.631579,3,187.113439
0.631579,3,187.116406
0.631579,3,187.11943
0.631579,3,187.122482
0.631579,3,187.125401
0.631579,3,187.128333
0.631579,3,187.131256
0.631579,3,187.134239
0.631579,3,187.137178
0.631579,3,187.140073
0.631579,3,187.142964
0.631579,3,187.146
0.631579,3,187.149005
0.631579,3,187.152003
0.631579,3,187.154956
0.631579,3,187.157888
0.631579,3,187.160838
0.631579,3,187.163759
0.631579,3,187.16679
0.631579,3,187.169756
0.631579,3,187.172729
0.631579,3,187.17569
0.631579,3,187.178709
0.631579,3,187.18175
0.631579,3,187.184731
0.631579,3,187.187676
0.631579,3,187.19063
0.631579,3,187.193584
0.631579,3,187.196533
0.631579,3,187.199475
0.631579,3,187.202448
0.631579,3,187.205411
0.907895,4,187.209393
0.631579,3,187.212371
0.631579,3,187.215392
0.276316,2,187.217443
0.631579,3,187.220478
0.631579,3,187.223519
0.631579,3,187.226508
0.631579,3,187.229493
0.631579,3,187.232513
0.631579,3,187.235489
0.631579,3,187.238463
0.631579,3,187.241449
0.631579,3,187.244338
0.631579,3,187.247164
0.276316,2,187.248985
0.631579,3,187.251837
0.552632,3,187.254614
0.631579,3,187.257528
0.631579,3,187.26048
0.907895,4,187.264407
0.631579,3,187.267343
0.631579,3,187.27028
0.631579,3,187.273172
0.631579,3,187.27603
0.631579,3,187.279005
0.631579,3,187.281932
0.631579,3,187.284894
0.631579,3,187.287833
0.907895,4,187.291635
0.552632,3,187.29456
0.631579,3,187.297463
0.631579,3,187.30038
0.631579,3,187.303289
0.631579,3,187.306215
0.631579,3,187.309158
0.907895,4,187.31306
0.631579,3,187.315951
0.631579,3,187.318828
0.907895,4,187.322695
0.631579,3,187.325608
0.631579,3,187.328595
0.631579,3,187.331523
0.631579,3,187.334474
0.631579,3,187.337403
0.276316,2,187.33935
0.276316,2,187.341273
0.631579,3,187.34416
0.631579,3,187.347052
0.631579,3,187.350004
0.631579,3,187.352928
0.631579,3,187.355811
0.631579,3,187.358772
0.631579,3,187.361603
0.631579,3,187.364506
0.631579,3,187.367492
0.631579,3,187.370472
0.631579,3,187.373402
0.631579,3,187.376345
0.631579,3,187.379412
0.631579,3,187.382425
0.631579,3,187.385424
0.631579,3,187.388493
0.631579,3,187.391516
0.631579,3,187.395852
0.631579,3,187.400518
0.631579,3,187.404618
0.631579,3,187.408192
0.631579,3,187.411101
0.631579,3,187.414072
0.631579,3,187.417024
0.631579,3,187.419935
0.631579,3,187.422913
0.631579,3,187.425902
0.631579,3,187.428823
0.631579,3,187.431784
0.631579,3,187.434709
0.631579,3,187.437625
0.631579,3,187.440592
0.631579,3,187.443493
0.631579,3,187.446485
0.631579,3,187.449444
0.631579,3,187.452451
0.631579,3,187.455571
0.631579,3,187.458638
0.631579,3,187.461659
0.631579,3,187.464662
0.907895,4,187.468617
0.631579,3,187.47162
0.631579,3,187.474916
0.631579,3,187.477834
0.631579,3,187.480886
0.631579,3,187.483802
0.631579,3,187.48677
0.907895,4,187.490875
0.907895,4,187.494864
0.631579,3,187.497856
0.631579,3,187.500824
0.631579,3,187.503828
0.631579,3,187.506795
0.631579,3,187.50978
0.631579,3,187.512847
0.631579,3,187.515855
0.631579,3,187.518977
0.631579,3,187.521914
0.631579,3,187.524787
0.631579,3,187.527651
0.631579,3,187.530731
0.631579,3,187.533831
0.631579,3,187.536916
0.631579,3,187.539997
0.631579,3,187.543153
0.631579,3,187.546187
0.631579,3,187.549169
0.631579,3,187.552237
0.631579,3,187.555208
0.631579,3,187.558223
0.631579,3,187.561342
0.631579,3,187.570025
0.631579,3,187.57387
0.631579,3,187.577085
0.631579,3,187.580392
0.907895,4,187.584469
0.631579,3,187.587441
0.631579,3,187.591982
1.184211,5,187.59713
0.631579,3,187.600212
0.631579,3,187.603193
0.631579,3,187.60616
0.631579,3,187.609188
0.631579,3,187.612346
0.631579,3,187.615347
0.631579,3,187.618338
0.907895,4,187.622323
0.631579,3,187.625389
0.631579,3,187.628237
0.631579,3,187.631278
0.631579,3,187.634229
0.631579,3,187.637226
0.631579,3,187.640226
0.631579,3,187.64321
0.631579,3,187.646218
0.631579,3,187.649241
0.631579,3,187.652245
0.631579,3,187.655262
0.631579,3,187.658217
0.631579,3,187.661173
0.907895,4,187.665154
0.631579,3,187.66814
0.631579,3,187.671121
0.631579,3,187.674119
0.631579,3,187.677138
0.631579,3,187.680252
0.631579,3,187.68328
0.631579,3,187.686311
0.631579,3,187.689375
0.631579,3,187.692398
0.907895,4,187.696443
0.631579,3,187.69941
0.631579,3,187.702421
0.631579,3,187.70548
0.631579,3,187.708489
0.631579,3,187.711512
0.631579,3,187.71442
0.631579,3,187.717343
0.631579,3,187.720317
0.907895,4,187.724314
0.631579,3,187.72726
0.631579,3,187.730145
0.631579,3,187.733041
0.631579,3,187.735965
0.631579,3,187.738868
0.907895,4,187.74286
0.631579,3,187.745921
0.631579,3,187.748911
0.631579,3,187.751882
0.631579,3,187.754798
0.631579,3,187.75773
0.631579,3,187.760711
0.631579,3,187.763639
0.631579,3,187.766624
0.631579,3,187.769661
0.631579,3,187.772663
0.907895,4,187.776732
0.631579,3,187.77983
0.276316,2,187.781874
0.631579,3,187.784873
0.631579,3,187.787665
0.631579,3,187.790444
0.631579,3,187.793338
0.631579,3,187.796184
0.631579,3,187.799022
0.631579,3,187.801903
0.631579,3,187.804734
0.907895,4,187.8085
0.631579,3,187.811309
0.631579,3,187.814103
0.907895,4,187.817859
0.631579,3,187.820678
0.907895,4,187.82446
0.631579,3,187.827251
0.631579,3,187.830045
0.631579,3,187.832936
0.631579,3,187.835745
0.631579,3,187.838528
0.631579,3,187.8414
0.907895,4,187.845272
0.631579,3,187.848231
0.631579,3,187.851207
0.631579,3,187.854164
0.631579,3,187.857173
0.631579,3,187.860167
0.631579,3,187.863078
0.631579,3,187.866012
0.631579,3,187.868948
0.631579,3,187.871874
0.631579,3,187.874762
0.631579,3,187.877645
0.552632,3,187.880617
0.631579,3,187.883558
0.631579,3,187.88651
0.631579,3,187.889466
0.631579,3,187.892393
0.631579,3,187.895362
0.631579,3,187.898306
0.631579,3,187.901286
0.631579,3,187.904293
0.631579,3,187.907246
0.631579,3,187.910203
0.631579,3,187.913208
0.631579,3,187.916168
0.631579,3,187.919064
0.631579,3,187.922052
0.631579,3,187.925046
0.631579,3,187.927941
0.631579,3,187.930808
0.631579,3,187.933683
0.631579,3,187.936565
0.631579,3,187.93948
0.631579,3,187.942414
0.631579,3,187.945387
0.631579,3,187.948256
0.631579,3,187.951153
0.631579,3,187.954119
0.907895,4,187.958026
0.631579,3,187.960995
0.631579,3,187.963896
0.631579,3,187.966809
0.631579,3,187.969726
0.631579,3,187.972645
0.631579,3,187.976338
0.907895,4,187.982573
0.631579,3,187.985559
0.631579,3,187.988419
0.631579,3,187.991322
0.631579,3,187.994357
0.631579,3,187.997447
0.631579,3,188.000414
0.631579,3,188.003386
0.631579,3,188.006267
0.631579,3,188.009224
0.631579,3,188.012074
0.631579,3,188.014951
0.631579,3,188.019396
0.631579,3,188.02431
0.631579,3,188.028465
0.631579,3,188.031301
0.631579,3,188.034188
0.276316,2,188.036047
0.631579,3,188.03907
0.631579,3,188.041899
0.631579,3,188.044756
0.631579,3,188.047622
0.276316,2,188.049586
0.631579,3,188.052541
0.276316,2,188.054484
0.631579,3,188.057437
0.631579,3,188.060408
0.631579,3,188.063306
0.631579,3,188.066198
0.631579,3,188.06899
0.631579,3,188.071779
0.631579,3,188.074623
0.631579,3,188.077609
0.631579,3,188.080508
0.631579,3,188.083404
0.631579,3,188.08632
0.631579,3,188.089203
0.276316,2,188.091165
0.631579,3,188.09412
0.631579,3,188.09697
0.276316,2,188.098799
0.631579,3,188.101636
0.631579,3,188.104501
0.631579,3,188.10737
0.631579,3,188.110332
0.631579,3,188.113205
0.631579,3,188.116063
0.631579,3,188.118934
0.631579,3,188.121808
0.631579,3,188.124732
0.631579,3,188.127665
0.631579,3,188.130561
1.184211,5,188.135401
0.631579,3,188.138296
0.631579,3,188.141121
0.631579,3,188.144095
0.631579,3,188.14697
1.184211,5,188.151901
0.631579,3,188.154837
0.631579,3,188.157752
0.631579,3,188.160676
0.631579,3,188.163618
0.631579,3,188.166561
0.907895,4,188.170474
0.631579,3,188.173399
0.631579,3,188.176271
0.631579,3,188.179232
1.184211,5,188.184066
0.631579,3,188.187047
0.631579,3,188.189941
0.631579,3,188.192784
0.631579,3,188.195661
0.631579,3,188.198707
0.631579,3,188.201622
0.631579,3,188.204563
0.631579,3,188.207479
0.631579,3,188.210494
0.631579,3,188.213424
0.631579,3,188.216322
0.631579,3,188.219239
0.631579,3,188.222152
0.907895,4,188.225957
0.631579,3,188.228865
0.276316,2,188.230722
1.184211,5,188.235525
0.631579,3,188.238428
0.631579,3,188.241332
0.907895,4,188.245198
0.907895,4,188.249065
0.631579,3,188.251882
0.631579,3,188.254615
0.631579,3,188.257398
0.631579,3,188.260302
0.907895,4,188.264083
0.631579,3,188.266961
0.631579,3,188.269795
0.631579,3,188.272694
0.276316,2,188.274593
0.907895,4,188.278562
0.276316,2,188.280493
0.631579,3,188.283414
0.631579,3,188.286282
0.631579,3,188.289248
0.907895,4,188.293002
0.631579,3,188.295932
0.631579,3,188.298882
0.631579,3,188.301796
0.631579,3,188.304698
0.631579,3,188.307608
0.631579,3,188.310607
0.631579,3,188.313501
0.631579,3,188.316322
0.631579,3,188.319144
0.276316,2,188.321118
0.631579,3,188.324022
0.631579,3,188.326943
0.631579,3,188.329773
0.631579,3,188.332624
0.907895,4,188.336457
0.631579,3,188.339404
0.631579,3,188.342352
0.631579,3,188.345395
0.631579,3,188.348346
0.631579,3,188.351279
0.631579,3,188.354227
0.631579,3,188.357171
0.631579,3,188.360194
0.631579,3,188.363044
0.631579,3,188.365991
0.631579,3,188.368944
0.631579,3,188.371883
0.907895,4,188.375737
0.907895,4,188.379739
0.631579,3,188.382633
0.907895,4,188.386483
0.631579,3,188.389359
0.631579,3,188.392182
0.907895,4,188.397592
0.631579,3,188.401362
0.631579,3,188.405231
0.631579,3,188.408101
0.631579,3,188.411024
0.631579,3,188.413819
0.631579,3,188.416605
0.631579,3,188.41948
0.631579,3,188.422355
0.631579,3,188.425223
0.631579,3,188.428075
0.631579,3,188.431025
0.828947,4,188.434936
0.631579,3,188.437854
0.631579,3,188.440708
0.631579,3,188.443527
0.631579,3,188.446421
0.631579,3,188.449303
0.907895,4,188.453124
0.631579,3,188.456058
0.631579,3,188.458995
0.631579,3,188.461911
0.907895,4,188.467087
0.631579,3,188.471957
0.631579,3,188.475287
0.631579,3,188.478295
0.631579,3,188.481223
0.631579,3,188.484124
0.631579,3,188.487041
0.631579,3,188.489888
0.631579,3,188.492703
0.631579,3,188.495574
0.631579,3,188.498458
0.631579,3,188.501358
0.276316,2,188.503247
0.631579,3,188.505985
0.631579,3,188.508715
0.631579,3,188.511631
0.631579,3,188.514456
0.631579,3,188.51732
0.631579,3,188.520236
0.552632,3,196.013197
0.552632,3,196.016377
0.552632,3,196.019658
0.631579,3,196.022971
0.828947,4,196.028445
0.552632,3,196.032693
0.631579,3,196.037812
0.631579,3,196.041924
0.631579,3,196.045992
0.631579,3,196.04909
0.631579,3,196.053858
0.552632,3,196.058044
0.631579,3,196.062724
0.552632,3,196.068254
0.631579,3,196.074214
0.552632,3,196.078838
0.552632,3,196.083253
0.631579,3,196.086486
0.552632,3,196.089921
0.631579,3,196.09407
0.552632,3,196.09736
0.552632,3,196.102497
0.552632,3,196.106847
0.552632,3,196.110512
0.631579,3,196.113589
0.631579,3,196.116688
0.631579,3,196.121027
0.631579,3,196.1252
0.631579,3,196.129213
0.552632,3,196.132276
0.552632,3,196.135216
0.552632,3,196.139319
0.552632,3,196.143378
0.552632,3,196.147226
0.631579,3,196.150364
0.552632,3,196.153565
0.552632,3,196.156645
0.552632,3,196.159607
0.552632,3,196.162587
0.631579,3,196.165555
0.631579,3,196.168556
0.631579,3,196.171544
0.631579,3,196.174501
0.631579,3,196.177382
0.552632,3,196.180273
0.552632,3,196.183155
0.552632,3,196.186065
0.631579,3,196.188956
0.552632,3,196.191838
0.631579,3,196.194785
0.631579,3,196.197712
0.907895,4,196.201613
0.828947,4,196.205466
0.552632,3,196.20841
0.631579,3,196.211232
0.552632,3,196.214068
0.552632,3,196.216951
0.631579,3,196.219819
0.631579,3,196.222692
0.552632,3,196.225555
0.631579,3,196.228339
0.552632,3,196.231126
0.631579,3,196.23393
0.631579,3,196.236716
0.828947,4,196.240509
0.631579,3,196.243422
0.631579,3,196.246305
0.552632,3,196.249202
0.631579,3,196.25208
0.631579,3,196.254999
0.631579,3,196.257875
0.552632,3,196.260807
0.552632,3,196.263727
0.552632,3,196.266647
0.907895,4,196.270412
0.631579,3,196.273252
0.631579,3,196.276099
0.631579,3,196.278924
0.631579,3,196.281743
0.552632,3,196.28458
0.631579,3,196.287489
0.631579,3,196.290427
0.552632,3,196.293374
0.631579,3,196.296247
0.552632,3,196.299133
0.631579,3,196.302016
0.631579,3,196.304886
0.828947,4,196.308715
0.631579,3,196.311565
0.552632,3,196.314536
0.631579,3,196.317412
0.907895,4,196.321251
0.552632,3,196.324142
0.552632,3,196.326972
0.631579,3,196.335124
0.552632,3,196.338709
0.631579,3,196.342107
0.631579,3,196.345049
0.631579,3,196.34798
0.552632,3,196.351609
0.631579,3,196.35464
0.552632,3,196.35763
0.631579,3,196.3606
0.828947,4,196.364558
0.828947,4,196.368571
0.828947,4,196.372514
0.631579,3,196.375521
0.631579,3,196.378527
0.631579,3,196.381516
0.631579,3,196.384506
0.552632,3,196.387511
0.631579,3,196.390526
0.552632,3,196.393496
0.631579,3,196.396504
0.552632,3,196.399358
0.631579,3,196.402225
0.552632,3,196.405105
0.631579,3,196.407958
0.631579,3,196.410778
0.552632,3,196.413574
0.907895,4,196.417412
0.552632,3,196.420337
0.631579,3,196.423244
0.907895,4,196.427113
0.631579,3,196.430063
0.631579,3,196.433041
0.631579,3,196.436024
0.631579,3,196.439061
0.552632,3,196.442097
0.907895,4,196.446148
0.631579,3,196.449182
0.552632,3,196.452201
1.105263,5,196.457095
0.631579,3,196.460041
0.631579,3,196.46296
0.552632,3,196.465896
0.552632,3,196.468823
0.907895,4,196.472631
0.631579,3,196.475564
0.631579,3,196.478513
0.907895,4,196.48245
0.828947,4,196.48655
0.631579,3,196.489516
0.552632,3,196.492476
0.552632,3,196.495448
0.552632,3,196.498436
0.828947,4,196.502347
0.631579,3,196.505408
0.631579,3,196.50899
0.631579,3,196.513661
0.631579,3,196.517719
0.631579,3,196.521291
0.631579,3,196.524232
0.552632,3,196.527148
0.631579,3,196.530069
0.552632,3,196.533015
0.631579,3,196.535916
0.552632,3,196.538908
0.631579,3,196.54197
0.631579,3,196.544849
0.552632,3,196.547761
0.631579,3,196.550718
0.631579,3,196.553645
0.631579,3,196.556528
0.552632,3,196.559494
1.105263,5,196.564433
0.631579,3,196.56735
0.552632,3,196.57026
0.552632,3,196.573165
0.631579,3,196.575995
0.631579,3,196.578848
0.631579,3,196.581795
0.631579,3,196.584702
0.631579,3,196.587618
1.184211,5,196.592482
0.631579,3,196.595451
0.631579,3,196.598549
0.552632,3,196.601813
0.552632,3,196.605026
0.631579,3,196.608226
0.631579,3,196.611471
0.552632,3,196.614748
0.631579,3,196.617643
0.631579,3,196.620526
0.828947,4,196.62418
0.552632,3,196.627069
0.631579,3,196.629905
0.552632,3,196.632708
0.552632,3,196.6355
0.631579,3,196.638304
0.631579,3,196.641099
0.552632,3,196.643869
0.552632,3,196.646645
0.631579,3,196.649415
0.631579,3,196.652207
0.631579,3,196.654968
0.631579,3,196.657737
0.631579,3,196.660522
0.631579,3,196.663258
0.828947,4,196.667183
0.552632,3,196.670175
0.631579,3,196.673099
0.631579,3,196.676036
0.631579,3,196.678951
0.552632,3,196.681882
0.631579,3,196.684852
0.631579,3,196.687815
0.552632,3,196.690689
0.552632,3,196.693613
0.631579,3,196.696535
0.552632,3,196.699434
0.631579,3,196.702428
0.631579,3,196.705343
0.552632,3,196.708293
0.631579,3,196.711205
0.631579,3,196.714159
0.631579,3,196.717046
0.828947,4,196.72081
0.552632,3,196.723678
0.631579,3,196.726514
0.631579,3,196.72939
0.631579,3,196.732229
0.552632,3,196.735075
0.552632,3,196.737925
0.907895,4,196.741874
0.552632,3,196.744855
0.631579,3,196.747838
0.631579,3,196.750827
0.631579,3,196.753739
0.552632,3,196.756671
0.552632,3,196.759596
0.552632,3,196.762483
0.631579,3,196.765397
0.631579,3,196.768224
0.552632,3,196.771162
0.552632,3,196.774127
0.552632,3,196.777034
0.631579,3,196.779882
0.552632,3,196.782751
0.631579,3,196.785638
0.828947,4,196.789617
0.631579,3,196.792607
0.552632,3,196.795602
0.552632,3,196.798484
0.631579,3,196.801345
0.631579,3,196.80424
0.631579,3,196.807144
0.631579,3,196.810062
0.552632,3,196.812903
0.631579,3,196.815785
0.631579,3,196.81863
0.907895,4,196.822397
1.184211,5,196.827183
0.552632,3,196.830035
0.552632,3,196.83286
0.552632,3,196.835725
0.552632,3,196.83855
0.631579,3,196.841394
0.552632,3,196.844228
0.631579,3,196.847098
0.631579,3,196.849968
0.631579,3,196.852874
0.631579,3,196.85566
0.552632,3,196.858478
0.552632,3,196.861353
0.631579,3,196.864237
0.631579,3,196.867136
0.552632,3,196.870029
0.552632,3,196.872955
0.631579,3,196.875869
0.631579,3,196.878742
0.631579,3,196.881619
0.552632,3,196.884538
0.552632,3,196.887408
0.552632,3,196.890363
0.828947,4,196.894327
0.631579,3,196.897283
0.631579,3,196.900191
0.552632,3,196.903101
0.552632,3,196.905999
0.631579,3,196.908921
0.552632,3,196.911816
0.631579,3,196.914729
0.907895,4,196.918634
0.631579,3,196.921498
0.631579,3,196.924369
0.552632,3,196.927254
0.552632,3,196.930144
0.552632,3,196.933081
0.631579,3,196.935958
0.631579,3,196.938825
0.631579,3,196.941708
0.631579,3,196.94463
0.552632,3,196.947563
0.907895,4,196.951507
0.552632,3,196.954403
0.631579,3,196.957315
0.552632,3,196.960213
0.631579,3,196.963106
0.907895,4,196.966914
0.828947,4,196.970749
0.631579,3,196.973651
0.631579,3,196.976507
0.552632,3,196.97938
0.631579,3,196.98224
0.552632,3,196.985115
0.552632,3,196.988084
0.907895,4,196.991954
0.631579,3,196.994932
0.552632,3,196.997892
0.631579,3,197.000857
0.631579,3,197.003798
0.631579,3,197.006726
0.552632,3,197.009656
0.631579,3,197.012592
0.631579,3,197.015546
0.552632,3,197.018546
0.907895,4,197.022488
0.631579,3,197.025441
0.631579,3,197.028378
0.552632,3,197.031327
0.552632,3,197.034284
0.552632,3,197.037259
0.552632,3,197.040222
0.631579,3,197.043204
0.631579,3,197.046144
0.552632,3,197.049067
0.552632,3,197.052001
0.631579,3,197.054941
0.631579,3,197.057866
0.631579,3,197.061726
0.631579,3,197.066459
0.631579,3,197.069707
0.631579,3,197.072509
0.552632,3,197.075373
0.631579,3,197.078237
0.552632,3,197.081086
0.828947,4,197.084886
0.907895,4,197.088706
0.631579,3,197.091584
0.631579,3,197.094502
0.631579,3,197.09941
0.552632,3,197.104138
0.552632,3,197.107015
0.631579,3,197.109868
0.631579,3,197.112696
0.631579,3,197.115486
0.552632,3,197.118413
0.552632,3,197.121228
0.552632,3,197.123858
0.631579,3,197.126604
0.631579,3,197.129373
0.631579,3,197.132134
0.631579,3,197.134903
0.631579,3,197.137683
0.552632,3,197.140458
0.552632,3,197.143214
0.552632,3,197.14595
0.552632,3,197.148685
0.631579,3,197.151454
0.552632,3,197.15435
0.552632,3,197.157253
0.631579,3,197.160218
0.631579,3,197.163125
0.552632,3,197.166037
0.631579,3,197.168991
0.631579,3,197.171918
0.631579,3,197.174831
0.631579,3,197.177727
0.552632,3,197.180634
0.552632,3,197.183523
0.631579,3,197.186421
0.631579,3,197.18932
0.552632,3,197.192193
0.552632,3,197.195134
0.631579,3,197.198094
0.552632,3,197.201057
0.631579,3,197.203954
0.552632,3,197.206875
0.552632,3,197.209768
0.631579,3,197.212654
0.552632,3,197.215466
0.631579,3,197.218334
0.631579,3,197.221183
0.631579,3,197.224057
0.631579,3,197.226967
0.552632,3,197.229876
0.907895,4,197.233741
0.631579,3,197.236611
0.552632,3,197.239505
0.552632,3,197.242419
0.552632,3,197.245321
0.631579,3,197.248214
0.552632,3,197.251076
0.552632,3,197.253941
0.828947,4,197.25763
0.631579,3,197.260525
0.631579,3,197.26342
0.828947,4,197.267116
0.552632,3,197.269898
0.631579,3,197.272678
0.631579,3,197.275423
0.631579,3,197.278186
0.631579,3,197.28095
0.552632,3,197.283714
0.907895,4,197.287519
0.552632,3,197.290383
0.828947,4,197.294254
0.631579,3,197.297172
0.907895,4,197.300963
0.631579,3,197.303844
0.828947,4,197.307619
0.552632,3,197.310552
0.552632,3,197.313452
0.631579,3,197.316378
0.907895,4,197.320201
0.552632,3,197.323098
0.631579,3,197.325974
0.631579,3,197.328804
0.552632,3,197.331571
0.631579,3,197.334432
0.631579,3,197.337293
0.631579,3,197.340142
0.631579,3,197.343019
0.631579,3,197.345835
0.631579,3,197.348624
0.552632,3,197.351571
0.631579,3,197.354476
0.552632,3,197.357402
0.631579,3,197.360286
0.552632,3,197.363111
0.631579,3,197.365982
0.907895,4,197.369704
0.907895,4,197.373535
0.631579,3,197.376405
0.552632,3,197.379253
0.552632,3,197.382046
0.631579,3,197.384884
0.552632,3,197.387688
0.552632,3,197.390644
0.552632,3,197.393528
0.552632,3,197.3965
0.631579,3,197.399398
0.828947,4,197.403261
0.907895,4,197.407074
0.828947,4,197.410952
0.907895,4,197.414757
0.828947,4,197.418579
0.631579,3,197.421483
0.631579,3,197.42436
0.631579,3,197.42722
0.907895,4,197.430983
0.631579,3,197.43383
0.631579,3,197.436671
0.552632,3,197.439549
0.631579,3,197.442461
0.631579,3,197.445367
0.631579,3,197.448221
0.552632,3,197.451049
0.631579,3,197.453875
0.631579,3,197.45671
0.552632,3,197.459625
0.631579,3,197.462572
0.631579,3,197.465528
0.552632,3,197.46849
0.552632,3,197.471325
0.907895,4,197.475131
0.631579,3,197.478024
0.631579,3,197.480903
0.631579,3,197.483771
0.631579,3,197.486638
0.552632,3,197.489501
0.552632,3,197.49231
0.552632,3,197.495103
0.631579,3,197.497871
0.631579,3,197.500649
0.552632,3,197.503411
0.631579,3,197.506177
0.552632,3,197.508977
0.552632,3,197.511741
0.631579,3,197.514499
0.631579,3,197.517457
0.828947,4,197.52128
0.631579,3,197.524192
0.552632,3,197.527113
0.631579,3,197.529986
0.631579,3,197.53285
0.631579,3,197.53569
0.552632,3,197.538543
0.907895,4,197.5424
0.552632,3,197.54533
0.631579,3,197.548274
0.828947,4,197.552024
0.631579,3,197.560573
0.631579,3,197.56569
0.631579,3,197.57016
0.631579,3,197.573529
0.631579,3,197.576231
0.552632,3,197.579024
0.552632,3,197.581842
0.631579,3,197.584856
0.552632,3,197.587656
0.631579,3,197.590471
0.552632,3,197.593296
0.907895,4,197.59705
0.552632,3,197.599869
0.552632,3,197.602753
0.552632,3,197.605608
0.552632,3,197.608443
0.828947,4,197.612207
0.552632,3,197.615036
0.552632,3,197.617883
0.631579,3,197.620688
0.631579,3,197.623494
0.631579,3,197.626297
0.907895,4,197.630015
0.631579,3,197.63278
0.907895,4,197.636475
0.907895,4,197.640215
0.631579,3,197.643014
0.552632,3,197.645833
0.631579,3,197.648607
0.631579,3,197.651394
0.552632,3,197.654163
0.828947,4,197.657865
0.631579,3,197.660682
0.631579,3,197.663519
0.631579,3,197.666346
0.552632,3,197.669295
0.631579,3,197.67212
0.552632,3,197.674942
0.552632,3,197.677799
0.552632,3,197.680648
0.631579,3,197.683451
0.631579,3,197.686323
0.552632,3,197.689172
0.631579,3,197.692013
0.631579,3,197.694879
0.631579,3,197.697745
0.631579,3,197.700604
0.552632,3,197.703452
0.631579,3,197.706288
0.631579,3,197.70912
0.828947,4,197.712846
0.552632,3,197.715628
0.631579,3,197.71853
0.552632,3,197.721386
0.552632,3,197.724234
0.631579,3,197.727073
0.631579,3,197.72992
0.631579,3,197.732753
0.631579,3,197.735648
0.631579,3,197.738513
0.907895,4,197.742227
0.828947,4,197.745951
0.631579,3,197.748734
0.552632,3,197.751522
0.552632,3,197.754261
0.631579,3,197.757008
0.552632,3,197.759802
0.631579,3,197.762613
0.631579,3,197.765438
0.631579,3,197.768303
0.552632,3,197.771053
0.552632,3,197.773858
0.631579,3,197.776659
0.552632,3,197.779434
0.631579,3,197.782279
0.631579,3,197.785128
0.552632,3,197.787958
0.631579,3,197.790793
0.828947,4,197.794598
0.631579,3,197.797373
0.552632,3,197.800237
0.552632,3,197.803045
0.631579,3,197.805763
0.552632,3,197.808504
0.631579,3,197.81128
0.631579,3,197.814161
0.552632,3,197.817026
0.631579,3,197.819901
0.828947,4,197.823495
0.631579,3,197.826285
0.631579,3,197.829157
0.552632,3,197.832832
0.631579,3,197.835675
0.631579,3,197.838491
0.828947,4,197.842278
0.631579,3,197.845106
0.552632,3,197.847918
0.631579,3,197.850817
0.631579,3,197.85365
0.631579,3,197.856479
0.631579,3,197.859307
0.552632,3,197.862198
0.552632,3,197.865081
0.552632,3,197.867998
0.631579,3,197.870921
0.552632,3,197.873838
0.552632,3,197.876744
0.552632,3,197.879576
0.552632,3,197.882459
0.631579,3,197.885374
0.631579,3,197.888273
0.631579,3,197.891036
0.552632,3,197.893891
0.552632,3,197.896752
0.552632,3,197.8996
0.552632,3,197.902474
0.631579,3,197.905342
0.552632,3,197.908235
0.828947,4,197.911893
0.907895,4,197.915573
0.631579,3,197.918453
0.631579,3,197.921279
0.552632,3,197.924103
0.907895,4,197.927891
0.552632,3,197.930743
0.631579,3,197.933587
0.907895,4,197.937278
0.552632,3,197.940054
0.552632,3,197.94284
0.552632,3,197.945625
0.631579,3,197.948405
0.631579,3,197.951216
0.552632,3,197.954005
0.631579,3,197.956811
0.631579,3,197.959609
0.631579,3,197.962474
0.631579,3,197.965374
0.552632,3,197.968285
0.631579,3,197.971117
0.631579,3,197.974015
0.631579,3,197.976888
0.631579,3,197.979767
0.552632,3,197.982613
0.552632,3,197.985492
0.552632,3,197.988362
0.631579,3,197.991253
0.631579,3,197.994151
0.552632,3,197.997096
0.552632,3,198.000023
0.552632,3,198.002963
0.552632,3,198.005882
0.552632,3,198.008791
0.552632,3,198.011659
0.552632,3,198.014502
0.552632,3,198.017411
0.552632,3,198.020327
0.631579,3,198.023236
0.552632,3,198.026121
0.631579,3,198.028953
0.552632,3,198.0317
0.631579,3,198.034485
0.552632,3,198.037388
0.907895,4,198.041221
0.552632,3,198.044107
0.552632,3,205.124962
0.631579,3,205.129438
0.631579,3,205.133725
0.631579,3,205.138102
0.631579,3,205.14141
0.552632,3,205.144482
0.631579,3,205.147612
0.631579,3,205.150783
0.631579,3,205.15396
0.631579,3,205.157168
0.631579,3,205.160196
0.631579,3,205.163802
0.631579,3,205.168668
0.631579,3,205.172477
0.631579,3,205.175903
0.631579,3,205.180308
0.631579,3,205.184535
0.631579,3,205.18819
0.631579,3,205.191328
0.552632,3,205.194437
0.631579,3,205.197475
0.631579,3,205.200585
0.631579,3,205.203634
0.907895,4,205.207582
0.631579,3,205.210558
0.631579,3,205.213583
0.631579,3,205.216468
0.631579,3,205.219556
0.631579,3,205.222522
0.631579,3,205.225475
0.631579,3,205.22848
0.631579,3,205.231479
0.631579,3,205.234422
0.907895,4,205.238299
0.631579,3,205.241231
0.631579,3,205.244165
0.631579,3,205.247
0.631579,3,205.249894
0.631579,3,205.252752
0.552632,3,205.25563
0.631579,3,205.258612
0.552632,3,205.261539
0.631579,3,205.264473
0.631579,3,205.267373
0.631579,3,205.270245
0.631579,3,205.273146
0.552632,3,205.276024
0.631579,3,205.278929
0.631579,3,205.281866
0.631579,3,205.284779
0.552632,3,205.287595
0.828947,4,205.2915
0.631579,3,205.294396
0.631579,3,205.297287
0.631579,3,205.30019
0.631579,3,205.302978
0.631579,3,205.305764
0.631579,3,205.308632
0.631579,3,205.311527
0.907895,4,205.315313
0.631579,3,205.318133
0.828947,4,205.322006
0.631579,3,205.32491
0.631579,3,205.32778
0.631579,3,205.33068
0.631579,3,205.333591
0.631579,3,205.336429
0.552632,3,205.339314
0.631579,3,205.34221
0.631579,3,205.345121
0.631579,3,205.348037
0.907895,4,205.351799
0.631579,3,205.354573
0.552632,3,205.357389
0.907895,4,205.361186
0.552632,3,205.36399
0.631579,3,205.366796
0.631579,3,205.369622
0.828947,4,205.373431
0.631579,3,205.376312
0.631579,3,205.379202
0.631579,3,205.382123
0.631579,3,205.385068
0.631579,3,205.387964
0.631579,3,205.390794
0.631579,3,205.393668
0.907895,4,205.398372
0.631579,3,205.401196
0.631579,3,205.403992
0.631579,3,205.406816
0.631579,3,205.409686
0.631579,3,205.412592
0.631579,3,205.415485
0.631579,3,205.418398
0.552632,3,205.421291
0.552632,3,205.424186
0.907895,4,205.427958
0.907895,4,205.431759
0.631579,3,205.43468
0.631579,3,205.437594
0.631579,3,205.440475
0.631579,3,205.443407
0.631579,3,205.446352
0.631579,3,205.449247
0.907895,4,205.453155
0.631579,3,205.456002
0.631579,3,205.458954
0.552632,3,205.461804
0.631579,3,205.464638
0.631579,3,205.467528
0.631579,3,205.470449
0.631579,3,205.473329
0.631579,3,205.476298
0.907895,4,205.480169
0.631579,3,205.483159
0.631579,3,205.486177
0.631579,3,205.489136
0.552632,3,205.492073
0.631579,3,205.494973
0.552632,3,205.497861
0.552632,3,205.500728
0.552632,3,205.503544
0.631579,3,205.506445
0.631579,3,205.509356
0.552632,3,205.512245
0.631579,3,205.515054
0.631579,3,205.517874
0.631579,3,205.52073
0.631579,3,205.523653
0.907895,4,205.527392
0.631579,3,205.530287
0.631579,3,205.533165
0.552632,3,205.535991
0.631579,3,205.538824
0.631579,3,205.541703
0.631579,3,205.544505
0.552632,3,205.547417
0.631579,3,205.550326
0.631579,3,205.553217
0.631579,3,205.555922
0.631579,3,205.55865
0.631579,3,205.561423
0.631579,3,205.564232
0.631579,3,205.567048
0.631579,3,205.569757
0.631579,3,205.572491
0.552632,3,205.575315
0.631579,3,205.578225
0.631579,3,205.581104
0.631579,3,205.584009
0.631579,3,205.586864
0.631579,3,205.589734
0.631579,3,205.592615
0.631579,3,205.595544
0.631579,3,205.598589
0.631579,3,205.601537
0.631579,3,205.604489
0.631579,3,205.607453
0.552632,3,205.610435
0.631579,3,205.61341
0.631579,3,205.616438
0.631579,3,205.619326
0.631579,3,205.62216
0.631579,3,205.625103
0.631579,3,205.628111
0.631579,3,205.631027
0.552632,3,205.634022
0.907895,4,205.637937
1.184211,5,205.642804
0.631579,3,205.645723
0.552632,3,205.648626
0.631579,3,205.651544
0.631579,3,205.654359
0.552632,3,205.657284
0.631579,3,205.660162
0.631579,3,205.663077
0.631579,3,205.665978
0.631579,3,205.668884
0.631579,3,205.671732
0.631579,3,205.674573
0.631579,3,205.677478
0.631579,3,205.680363
0.631579,3,205.683256
0.631579,3,205.686132
0.907895,4,205.689986
0.631579,3,205.692952
0.631579,3,205.695846
0.631579,3,205.698749
0.631579,3,205.701651
0.631579,3,205.704528
0.631579,3,205.707387
0.552632,3,205.710333
0.631579,3,205.713268
0.631579,3,205.71618
0.631579,3,205.71911
0.631579,3,205.722019
0.631579,3,205.724883
0.631579,3,205.727687
0.631579,3,205.73058
0.631579,3,205.733487
0.631579,3,205.736413
0.828947,4,205.740312
0.552632,3,205.743224
0.552632,3,205.746125
0.552632,3,205.749012
0.631579,3,205.751884
0.631579,3,205.754694
0.631579,3,205.757465
0.631579,3,205.760249
0.552632,3,205.765143
0.552632,3,205.769599
0.907895,4,205.774815
1.184211,5,205.781393
0.631579,3,205.784466
0.552632,3,205.787468
0.631579,3,205.790489
0.552632,3,205.793495
0.631579,3,205.796521
0.631579,3,205.799528
0.631579,3,205.802565
0.631579,3,205.805604
0.631579,3,205.808652
0.552632,3,205.811659
0.631579,3,205.814701
0.552632,3,205.817737
0.631579,3,205.820768
0.552632,3,205.823608
0.552632,3,205.826629
0.631579,3,205.829669
0.631579,3,205.832695
0.631579,3,205.835685
0.631579,3,205.838665
0.631579,3,205.84168
0.631579,3,205.844667
0.552632,3,205.847655
0.552632,3,205.850642
0.631579,3,205.853647
0.631579,3,205.856593
0.631579,3,205.859612
0.552632,3,205.862548
0.631579,3,205.870581
0.552632,3,205.87377
0.631579,3,205.877483
0.631579,3,205.88043
0.907895,4,205.884332
0.631579,3,205.887139
0.631579,3,205.889908
0.631579,3,205.892776
0.631579,3,205.895569
0.631579,3,205.898305
0.631579,3,205.901029
0.631579,3,205.903752
0.631579,3,205.906477
0.631579,3,205.909338
0.631579,3,205.912151
0.631579,3,205.914934
0.631579,3,205.917715
0.907895,4,205.92151
0.631579,3,205.924294
0.631579,3,205.92712
0.552632,3,205.929955
0.631579,3,205.93276
0.631579,3,205.935421
0.552632,3,205.938134
0.552632,3,205.940953
0.631579,3,205.943727
0.631579,3,205.946537
0.631579,3,205.949332
0.631579,3,205.952115
0.631579,3,205.954901
0.631579,3,205.95769
0.907895,4,205.961393
0.631579,3,205.964179
0.631579,3,205.966862
0.631579,3,205.96958
0.631579,3,205.972296
0.631579,3,205.975125
0.631579,3,205.977958
0.631579,3,205.980762
0.552632,3,205.983576
0.907895,4,205.987328
0.631579,3,205.990135
0.631579,3,205.992942
0.631579,3,205.995754
0.631579,3,205.998579
0.631579,3,206.00129
0.631579,3,206.004107
0.631579,3,206.006907
0.631579,3,206.009697
0.552632,3,206.01249
0.631579,3,206.015294
0.631579,3,206.017988
0.631579,3,206.020695
0.631579,3,206.023444
0.631579,3,206.026143
0.631579,3,206.028848
0.907895,4,206.032536
0.907895,4,206.036265
0.631579,3,206.039093
0.631579,3,206.041904
0.631579,3,206.044722
0.631579,3,206.047537
0.631579,3,206.050327
0.907895,4,206.053932
0.631579,3,206.056669
0.631579,3,206.059485
0.552632,3,206.062299
0.631579,3,206.0651
0.631579,3,206.067886
0.631579,3,206.070677
0.631579,3,206.073479
0.631579,3,206.076136
0.631579,3,206.078991
0.631579,3,206.081941
0.631579,3,206.084886
0.631579,3,206.08775
0.631579,3,206.090624
0.552632,3,206.093663
0.631579,3,206.096727
0.631579,3,206.099799
0.631579,3,206.102792
0.631579,3,206.105778
0.631579,3,206.108776
0.631579,3,206.111763
0.552632,3,206.114751
0.631579,3,206.117788
0.631579,3,206.120855
0.631579,3,206.123911
0.631579,3,206.126964
0.631579,3,206.129939
0.552632,3,206.132887
0.631579,3,206.135796
0.552632,3,206.13869
0.631579,3,206.14165
0.631579,3,206.144614
0.631579,3,206.147561
0.631579,3,206.15054
0.631579,3,206.153461
0.631579,3,206.156388
0.631579,3,206.159311
0.631579,3,206.162235
0.631579,3,206.165199
0.631579,3,206.168209
0.631579,3,206.171129
0.907895,4,206.174991
0.631579,3,206.177894
0.631579,3,206.180788
0.907895,4,206.184738
0.631579,3,206.18766
0.631579,3,206.190633
0.631579,3,206.193591
0.631579,3,206.196561
0.631579,3,206.19958
0.631579,3,206.202578
0.631579,3,206.205528
0.631579,3,206.208538
0.631579,3,206.211491
0.631579,3,206.214448
0.631579,3,206.217401
0.631579,3,206.220321
0.552632,3,206.223246
0.552632,3,206.226205
0.631579,3,206.229082
0.907895,4,206.232823
0.631579,3,206.235654
0.631579,3,206.238613
0.631579,3,206.241589
0.631579,3,206.244541
0.631579,3,206.247423
0.631579,3,206.250345
0.631579,3,206.253257
0.631579,3,206.25613
0.631579,3,206.259071
0.631579,3,206.262036
0.631579,3,206.264962
0.631579,3,206.267883
0.907895,4,206.271802
0.631579,3,206.274781
0.552632,3,206.27779
0.631579,3,206.280775
0.631579,3,206.283755
0.552632,3,206.286684
0.552632,3,206.289613
0.552632,3,206.292521
0.631579,3,206.295448
0.552632,3,206.298333
0.631579,3,206.301213
0.631579,3,206.304146
0.631579,3,206.30706
0.907895,4,206.311038
0.631579,3,206.313882
0.631579,3,206.316704
0.631579,3,206.319591
0.631579,3,206.322453
0.631579,3,206.325451
0.631579,3,206.328425
0.552632,3,206.331385
0.907895,4,206.335368
0.631579,3,206.338394
0.631579,3,206.341422
0.907895,4,206.345374
0.631579,3,206.348366
1.184211,5,206.353407
0.631579,3,206.356397
0.631579,3,206.35941
0.631579,3,206.362426
0.552632,3,206.36543
0.631579,3,206.368448
0.631579,3,206.371452
0.631579,3,206.374449
0.552632,3,206.377544
0.631579,3,206.380545
0.631579,3,206.383555
0.552632,3,206.386589
0.631579,3,206.389608
0.552632,3,206.39268
0.631579,3,206.395685
0.631579,3,206.398723
0.631579,3,206.401717
0.631579,3,206.404677
0.552632,3,206.407734
0.631579,3,206.410766
0.631579,3,206.413747
0.631579,3,206.416705
0.631579,3,206.419724
0.631579,3,206.42276
0.631579,3,206.425792
0.552632,3,206.428785
0.631579,3,206.431746
0.631579,3,206.434701
0.631579,3,206.437724
0.631579,3,206.440748
0.631579,3,206.443746
0.631579,3,206.446768
0.552632,3,206.449798
0.631579,3,206.452819
0.631579,3,206.455821
0.631579,3,206.458838
0.907895,4,206.462851
0.631579,3,206.465857
0.552632,3,206.468786
0.907895,4,206.472736
0.907895,4,206.476658
0.631579,3,206.479601
0.552632,3,206.482577
0.552632,3,206.485584
0.552632,3,206.488543
0.631579,3,206.49155
0.907895,4,206.495582
0.631579,3,206.498598
0.631579,3,206.501613
0.631579,3,206.504617
0.631579,3,206.507591
0.631579,3,206.510631
0.631579,3,206.513583
0.552632,3,206.516544
0.631579,3,206.519488
0.631579,3,206.52247
0.907895,4,206.526375
0.631579,3,206.529341
0.552632,3,206.532311
0.631579,3,206.535215
0.631579,3,206.538133
0.631579,3,206.541107
0.631579,3,206.544048
0.631579,3,206.546947
0.631579,3,206.549844
0.631579,3,206.552574
0.907895,4,206.556374
0.631579,3,206.559294
0.631579,3,206.562219
0.631579,3,206.565115
0.631579,3,206.568014
0.631579,3,206.570933
0.552632,3,206.573895
0.631579,3,206.576831
0.552632,3,206.579645
0.631579,3,206.582572
0.631579,3,206.585529
0.631579,3,206.588394
0.631579,3,206.591272
0.907895,4,206.595193
0.631579,3,206.598118
0.552632,3,206.601021
0.631579,3,206.603838
0.631579,3,206.60664
0.631579,3,206.609531
0.631579,3,206.612416
0.631579,3,206.615281
0.631579,3,206.618181
0.907895,4,206.622076
0.631579,3,206.625007
0.631579,3,206.62797
0.552632,3,206.630842
0.552632,3,206.633744
0.631579,3,206.636678
0.552632,3,206.639572
0.907895,4,206.643443
0.631579,3,206.646381
0.631579,3,206.649282
0.631579,3,206.652178
0.907895,4,206.655926
0.552632,3,206.658752
0.631579,3,206.66162
0.631579,3,206.664512
0.907895,4,206.668354
0.631579,3,206.67126
0.631579,3,206.674187
0.631579,3,206.677118
0.631579,3,206.680033
0.631579,3,206.682957
0.631579,3,206.685881
0.907895,4,206.689694
0.907895,4,206.693596
0.631579,3,206.696553
0.631579,3,206.699491
0.631579,3,206.702429
0.631579,3,206.70539
0.907895,4,206.709348
0.552632,3,206.712254
0.552632,3,206.715073
0.631579,3,206.717953
0.631579,3,206.720865
0.631579,3,206.723781
0.907895,4,206.727651
0.631579,3,206.730548
0.631579,3,206.733437
0.552632,3,206.736388
0.631579,3,206.739284
0.631579,3,206.74215
0.631579,3,206.74502
0.631579,3,206.747897
0.631579,3,206.750793
0.631579,3,206.753693
0.631579,3,206.756591
0.631579,3,206.75947
0.631579,3,206.762378
0.631579,3,206.765226
0.631579,3,206.76812
0.907895,4,206.772021
0.631579,3,206.775015
0.631579,3,206.778113
0.631579,3,206.780989
0.631579,3,206.783935
0.631579,3,206.786841
0.631579,3,206.789769
0.631579,3,206.792777
0.631579,3,206.795755
0.631579,3,206.798793
0.631579,3,206.80184
0.552632,3,206.804862
0.907895,4,206.808892
0.631579,3,206.811795
0.631579,3,206.814681
0.631579,3,206.817752
0.828947,4,206.822923
0.631579,3,206.827241
0.631579,3,206.831172
0.631579,3,206.835784
0.631579,3,206.840662
0.552632,3,206.844491
0.907895,4,206.849546
0.631579,3,206.852571
0.631579,3,206.855577
0.631579,3,206.858603
0.552632,3,206.861544
0.631579,3,206.864505
0.631579,3,206.867587
0.552632,3,206.870653
0.631579,3,206.873795
0.552632,3,206.87693
0.631579,3,206.879808
0.631579,3,206.882761
0.631579,3,206.885748
0.631579,3,206.888691
0.631579,3,206.891803
0.631579,3,206.89484
0.631579,3,206.897763
0.631579,3,206.900665
0.631579,3,206.903654
0.631579,3,206.906677
0.631579,3,206.9097
0.552632,3,206.912667
0.631579,3,206.915753
0.631579,3,206.918768
0.631579,3,206.921746
0.631579,3,206.924774
0.631579,3,206.927753
0.631579,3,206.930762
0.631579,3,206.933773
0.631579,3,206.93681
0.631579,3,206.939763
0.631579,3,206.942812
0.631579,3,206.945808
0.631579,3,206.948772
0.907895,4,206.952681
0.631579,3,206.955701
0.631579,3,206.958679
0.631579,3,206.96168
0.631579,3,206.964761
0.552632,3,206.967851
0.631579,3,206.970961
0.552632,3,206.974078
0.631579,3,206.977158
0.631579,3,206.980222
0.907895,4,206.984108
0.631579,3,206.987023
0.631579,3,206.98989
0.631579,3,206.992764
0.631579,3,206.995596
0.552632,3,206.998431
0.631579,3,207.001287
0.631579,3,207.004102
0.631579,3,207.006895
0.631579,3,207.009622
0.552632,3,207.012422
0.631579,3,207.015206
0.631579,3,207.017994
0.552632,3,207.020776
0.631579,3,207.023577
0.631579,3,207.026453
0.631579,3,207.029307
0.631579,3,207.032099
0.631579,3,207.034916
0.552632,3,207.03774
0.631579,3,207.040577
0.631579,3,207.043406
0.631579,3,207.046477
0.552632,3,207.049468
0.631579,3,207.05247
1.184211,5,207.057547
0.907895,4,207.061568
0.552632,3,207.064683
0.828947,4,207.068767
0.631579,3,207.071789
0.631579,3,207.074853
0.631579,3,207.077756
0.552632,3,207.080767
0.631579,3,207.083681
0.631579,3,207.086705
0.631579,3,207.089767
0.631579,3,207.092831
0.631579,3,207.095902
0.631579,3,207.104068
0.631579,3,207.107825
0.907895,4,207.112393
0.631579,3,207.115302
0.631579,3,207.118372
0.631579,3,207.121422
0.631579,3,207.124493
0.631579,3,207.127739
0.631579,3,207.130835
0.631579,3,207.133887
0.631579,3,207.136874
0.631579,3,207.139673
0.828947,4,207.1435
0.631579,3,207.146498
0.631579,3,207.149461
0.631579,3,207.152423
0.631579,3,207.155391
0.552632,3,207.158345
0.631579,3,214.593364
0.631579,3,214.596688
0.631579,3,214.599858
0.631579,3,214.604687
0.631579,3,214.608589
0.631579,3,214.612912
0.907895,4,214.617177
0.631579,3,214.620489
0.631579,3,214.625396
0.631579,3,214.629532
0.907895,4,214.634934
0.631579,3,214.637954
0.631579,3,214.641173
0.631579,3,214.644607
0.631579,3,214.647707
0.631579,3,214.651969
0.631579,3,214.65678
0.631579,3,214.660975
0.631579,3,214.664497
0.631579,3,214.667572
0.631579,3,214.670624
0.631579,3,214.67443
0.631579,3,214.678725
0.631579,3,214.68224
0.907895,4,214.686247
0.631579,3,214.689316
0.631579,3,214.692327
0.631579,3,214.695313
0.631579,3,214.698371
0.907895,4,214.702512
0.631579,3,214.705533
0.907895,4,214.70954
0.907895,4,214.713558
0.631579,3,214.716538
0.631579,3,214.719563
0.631579,3,214.722542
0.631579,3,214.725521
0.631579,3,214.728542
0.631579,3,214.731522
0.631579,3,214.734496
0.631579,3,214.737465
0.907895,4,214.741481
0.907895,4,214.745517
0.631579,3,214.748501
0.631579,3,214.751461
0.631579,3,214.754482
0.631579,3,214.757481
0.631579,3,214.76046
0.631579,3,214.763446
0.631579,3,214.766438
0.631579,3,214.769387
0.631579,3,214.772301
0.631579,3,214.775315
0.631579,3,214.778342
0.631579,3,214.781369
0.631579,3,214.784445
0.631579,3,214.787482
0.631579,3,214.790523
0.907895,4,214.794633
0.631579,3,214.797613
0.631579,3,214.802593
0.631579,3,214.806716
0.631579,3,214.810725
0.631579,3,214.813757
0.631579,3,214.816698
0.907895,4,214.820596
0.631579,3,214.823522
0.631579,3,214.82647
0.631579,3,214.829447
0.631579,3,214.832421
0.631579,3,214.835292
0.631579,3,214.83812
0.631579,3,214.840914
0.631579,3,214.843788
0.631579,3,214.846562
0.631579,3,214.849394
0.631579,3,214.852314
0.631579,3,214.855154
0.631579,3,214.858008
0.631579,3,214.8609
0.631579,3,214.863803
0.907895,4,214.867671
0.631579,3,214.870547
0.631579,3,214.873453
0.631579,3,214.876361
0.631579,3,214.879245
0.631579,3,214.882154
0.631579,3,214.885026
0.631579,3,214.887909
0.631579,3,214.89081
0.631579,3,214.893713
0.631579,3,214.896643
0.631579,3,214.899658
0.631579,3,214.902558
0.631579,3,214.905455
0.631579,3,214.908346
0.631579,3,214.911221
0.631579,3,214.913981
0.631579,3,214.916839
0.631579,3,214.919639
0.907895,4,214.923384
0.631579,3,214.926268
0.631579,3,214.929136
0.631579,3,214.932055
0.631579,3,214.934912
0.631579,3,214.93777
0.631579,3,214.940651
0.631579,3,214.943547
0.631579,3,214.946459
0.631579,3,214.949444
0.631579,3,214.952364
0.631579,3,214.955263
0.631579,3,214.95812
0.631579,3,214.961023
0.631579,3,214.96383
0.907895,4,214.967721
0.631579,3,214.970617
0.631579,3,214.973512
0.631579,3,214.976389
0.631579,3,214.979233
0.631579,3,214.982171
0.631579,3,214.98504
0.631579,3,214.987857
0.631579,3,214.990657
0.631579,3,214.993531
0.631579,3,214.996444
0.631579,3,214.999415
0.631579,3,215.002181
0.631579,3,215.004968
0.907895,4,215.010034
0.631579,3,215.014746
0.631579,3,215.01765
0.631579,3,215.020644
0.631579,3,215.023615
0.631579,3,215.026618
0.631579,3,215.02961
0.631579,3,215.032587
0.631579,3,215.035479
0.631579,3,215.038346
0.631579,3,215.041234
0.631579,3,215.044139
0.631579,3,215.047003
0.631579,3,215.049891
0.631579,3,215.052766
0.631579,3,215.055637
0.631579,3,215.058485
0.631579,3,215.061368
0.631579,3,215.064256
0.631579,3,215.067186
0.631579,3,215.070091
0.631579,3,215.072975
0.907895,4,215.07677
0.631579,3,215.079632
0.631579,3,215.082537
0.907895,4,215.086412
0.631579,3,215.089392
0.631579,3,215.092389
0.631579,3,215.095306
0.631579,3,215.098243
0.907895,4,215.102184
0.631579,3,215.104993
0.907895,4,215.108741
0.631579,3,215.111479
0.631579,3,215.114408
0.907895,4,215.118333
0.631579,3,215.121252
0.631579,3,215.124185
0.631579,3,215.12709
0.907895,4,215.131005
0.631579,3,215.133906
0.631579,3,215.136786
0.907895,4,215.140698
0.631579,3,215.143647
0.631579,3,215.14663
0.631579,3,215.149608
0.631579,3,215.152515
0.631579,3,215.155491
0.631579,3,215.158418
0.631579,3,215.161337
0.631579,3,215.164259
0.631579,3,215.167181
0.631579,3,215.170087
0.631579,3,215.172957
0.631579,3,215.175808
0.631579,3,215.178625
0.631579,3,215.181444
0.631579,3,215.184387
0.631579,3,215.187273
0.631579,3,215.190253
0.631579,3,215.193092
0.631579,3,215.195944
0.631579,3,215.198741
0.631579,3,215.201571
0.631579,3,215.204449
0.631579,3,215.207356
0.631579,3,215.210239
0.631579,3,215.213129
0.631579,3,215.216006
0.631579,3,215.218908
0.631579,3,215.22175
0.631579,3,215.224618
0.631579,3,215.227448
0.907895,4,215.231261
0.631579,3,215.234099
0.631579,3,215.236926
0.631579,3,215.239814
0.631579,3,215.242704
0.631579,3,215.245563
0.631579,3,215.248449
0.631579,3,215.251392
0.631579,3,215.254319
0.631579,3,215.257223
0.631579,3,215.260131
0.631579,3,215.263021
0.631579,3,215.265934
0.631579,3,215.268836
0.631579,3,215.271739
0.631579,3,215.274611
0.631579,3,215.277476
0.631579,3,215.28037
0.631579,3,215.283278
0.631579,3,215.286067
0.631579,3,215.288937
0.631579,3,215.29173
0.631579,3,215.294592
0.631579,3,215.297472
0.631579,3,215.300342
0.631579,3,215.303196
0.631579,3,215.306061
0.631579,3,215.308897
0.907895,4,215.31272
0.907895,4,215.316649
0.631579,3,215.319593
0.631579,3,215.322536
0.631579,3,215.325482
0.631579,3,215.328425
0.631579,3,215.331362
0.907895,4,215.335319
0.631579,3,215.338265
0.631579,3,215.341187
0.907895,4,215.344942
0.631579,3,215.34772
0.631579,3,215.350535
0.907895,4,215.354275
0.631579,3,215.357083
0.631579,3,215.359864
0.631579,3,215.362771
0.631579,3,215.36568
0.631579,3,215.368584
0.631579,3,215.371477
0.631579,3,215.374366
0.631579,3,215.377228
0.631579,3,215.380153
0.631579,3,215.383125
0.631579,3,215.386051
0.631579,3,215.38895
0.631579,3,215.391842
0.631579,3,215.394773
0.631579,3,215.397715
0.631579,3,215.400665
0.631579,3,215.403661
0.631579,3,215.406666
0.631579,3,215.409633
0.631579,3,215.41256
0.631579,3,215.415538
0.907895,4,215.419595
0.631579,3,215.422592
0.631579,3,215.425585
0.631579,3,215.428587
0.631579,3,215.431599
0.631579,3,215.434678
0.631579,3,215.437715
0.631579,3,215.440734
0.631579,3,215.443786
0.631579,3,215.44683
0.631579,3,215.449764
0.631579,3,215.452684
0.631579,3,215.455658
0.631579,3,215.458636
0.631579,3,215.46162
0.631579,3,215.464608
0.631579,3,215.467611
0.631579,3,215.47064
0.631579,3,215.473647
0.631579,3,215.476653
0.631579,3,215.479662
0.631579,3,215.482543
0.631579,3,215.48545
0.631579,3,215.488354
0.631579,3,215.491249
0.631579,3,215.494286
0.631579,3,215.497262
0.631579,3,215.500193
0.631579,3,215.503134
0.631579,3,215.506076
0.631579,3,215.509006
0.631579,3,215.511974
0.631579,3,215.514925
0.631579,3,215.517911
0.631579,3,215.520907
0.631579,3,215.523898
0.631579,3,215.526818
0.631579,3,215.52978
0.907895,4,215.533778
0.631579,3,215.53677
0.907895,4,215.540689
0.631579,3,215.543685
0.631579,3,215.546659
0.631579,3,215.549606
0.631579,3,215.552571
0.631579,3,215.555526
0.631579,3,215.558542
0.631579,3,215.561507
0.631579,3,215.564485
0.631579,3,215.56745
0.631579,3,215.570447
0.631579,3,215.573426
0.631579,3,215.576405
0.631579,3,215.579384
0.631579,3,215.582343
0.631579,3,215.585291
0.631579,3,215.588227
0.631579,3,215.591153
0.631579,3,215.594094
0.631579,3,215.59703
0.631579,3,215.599951
0.631579,3,215.602881
0.631579,3,215.605821
0.631579,3,215.608732
0.631579,3,215.611644
0.631579,3,215.614551
0.631579,3,215.617439
0.907895,4,215.621256
0.907895,4,215.625194
0.631579,3,215.628132
0.631579,3,215.631054
0.907895,4,215.63501
0.631579,3,215.637893
0.631579,3,215.640904
0.631579,3,215.64385
1.184211,5,215.64873
0.631579,3,215.651719
0.631579,3,215.654693
0.631579,3,215.657589
0.631579,3,215.660465
0.631579,3,215.663337
0.631579,3,215.666233
0.631579,3,215.669088
0.631579,3,215.67199
0.631579,3,215.674905
0.631579,3,215.677806
0.631579,3,215.680745
0.631579,3,215.68362
0.631579,3,215.686571
0.631579,3,215.689488
0.631579,3,215.692414
0.631579,3,215.695396
0.907895,4,215.699325
0.631579,3,215.702303
1.184211,5,215.707224
0.631579,3,215.71024
0.631579,3,215.713226
0.907895,4,215.717159
0.631579,3,215.720114
0.631579,3,215.723063
0.631579,3,215.725922
0.631579,3,215.728923
0.631579,3,215.731802
0.631579,3,215.73479
0.631579,3,215.737692
0.631579,3,215.740598
0.631579,3,215.743503
0.631579,3,215.746424
0.631579,3,215.749389
0.631579,3,215.752322
0.631579,3,215.755248
0.631579,3,215.758197
0.631579,3,215.761132
0.631579,3,215.764065
0.631579,3,215.766987
0.631579,3,215.769942
0.907895,4,215.77387
0.631579,3,215.776855
0.631579,3,215.7798
0.631579,3,215.787747
0.631579,3,215.790664
0.631579,3,215.794059
0.631579,3,215.797029
0.631579,3,215.800145
0.907895,4,215.804162
0.631579,3,215.807111
0.631579,3,215.810038
0.631579,3,215.812923
0.631579,3,215.815995
0.631579,3,215.818883
0.631579,3,215.82176
0.631579,3,215.82466
0.631579,3,215.827533
0.631579,3,215.830428
0.631579,3,215.833308
0.631579,3,215.836158
0.631579,3,215.839053
0.631579,3,215.841971
0.631579,3,215.844842
0.631579,3,215.847722
0.631579,3,215.850598
0.631579,3,215.85348
0.631579,3,215.856318
0.631579,3,215.859137
0.631579,3,215.861965
0.631579,3,215.864804
0.631579,3,215.867589
0.631579,3,215.870541
0.631579,3,215.873498
0.631579,3,215.876447
0.631579,3,215.879433
0.631579,3,215.882361
0.631579,3,215.885299
0.631579,3,215.888252
0.631579,3,215.891214
0.631579,3,215.89416
0.631579,3,215.897118
0.631579,3,215.899962
0.631579,3,215.902834
0.631579,3,215.905729
0.631579,3,215.908692
0.631579,3,215.91166
0.631579,3,215.914712
0.631579,3,215.917753
0.631579,3,215.920797
0.631579,3,215.923842
0.631579,3,215.926867
0.631579,3,215.9299
0.631579,3,215.932853
0.631579,3,215.935804
0.631579,3,215.938795
0.907895,4,215.942704
0.907895,4,215.946646
0.631579,3,215.949581
0.631579,3,215.952546
0.631579,3,215.955502
0.907895,4,215.959455
0.631579,3,215.962438
0.631579,3,215.965422
0.631579,3,215.968356
0.631579,3,215.971239
0.631579,3,215.974131
0.631579,3,215.977003
0.631579,3,215.979995
0.631579,3,215.983006
0.631579,3,215.985995
0.631579,3,215.988972
0.631579,3,215.991966
0.631579,3,215.994939
0.631579,3,215.997905
0.631579,3,216.000964
0.631579,3,216.003933
0.631579,3,216.006887
0.631579,3,216.009877
0.631579,3,216.012771
0.631579,3,216.015666
0.631579,3,216.018577
0.631579,3,216.021519
0.631579,3,216.024426
0.631579,3,216.027345
0.631579,3,216.030248
0.631579,3,216.033252
0.631579,3,216.036148
0.631579,3,216.039037
0.631579,3,216.041978
0.631579,3,216.044926
0.631579,3,216.04775
0.631579,3,216.05059
0.907895,4,216.054474
0.631579,3,216.057394
0.631579,3,216.060307
0.631579,3,216.063218
0.631579,3,216.06613
0.631579,3,216.069061
0.631579,3,216.071894
0.631579,3,216.074733
0.631579,3,216.077609
0.631579,3,216.080521
0.631579,3,216.083428
0.631579,3,216.086343
0.631579,3,216.089287
0.631579,3,216.092216
0.631579,3,216.095087
0.631579,3,216.098038
0.631579,3,216.10106
0.631579,3,216.104017
0.631579,3,216.106908
0.631579,3,216.109716
0.631579,3,216.112533
0.907895,4,216.116339
0.631579,3,216.119176
0.631579,3,216.122092
0.907895,4,216.125935
0.631579,3,216.128799
0.631579,3,216.131646
0.631579,3,216.134538
0.631579,3,216.137433
0.631579,3,216.140414
0.631579,3,216.14333
0.631579,3,216.146258
0.631579,3,216.149047
0.631579,3,216.15194
0.907895,4,216.155733
0.631579,3,216.15859
0.631579,3,216.161451
0.631579,3,216.164305
0.631579,3,216.167154
0.631579,3,216.170005
0.631579,3,216.172874
0.631579,3,216.175723
0.631579,3,216.178574
0.631579,3,216.181486
0.631579,3,216.184421
0.631579,3,216.1873
0.631579,3,216.190201
0.631579,3,216.193124
0.631579,3,216.195973
0.631579,3,216.198896
0.631579,3,216.201817
0.631579,3,216.204728
0.631579,3,216.207625
0.631579,3,216.210543
0.631579,3,216.213477
0.631579,3,216.216393
0.631579,3,216.219294
0.907895,4,216.223181
0.631579,3,216.226056
0.631579,3,216.228932
0.631579,3,216.231841
0.907895,4,216.23574
0.631579,3,216.238622
0.631579,3,216.241502
0.631579,3,216.244394
0.907895,4,216.248202
0.631579,3,216.251107
0.631579,3,216.253984
0.631579,3,216.25688
0.631579,3,216.259745
0.631579,3,216.262619
0.631579,3,216.265504
0.631579,3,216.268392
0.631579,3,216.27126
0.631579,3,216.274047
0.631579,3,216.276808
0.631579,3,216.27958
0.631579,3,216.282361
0.631579,3,216.285146
0.631579,3,216.287915
0.631579,3,216.290699
0.631579,3,216.293596
0.631579,3,216.296561
0.631579,3,216.299484
0.631579,3,216.302386
0.631579,3,216.305278
0.631579,3,216.308177
0.631579,3,216.311087
0.631579,3,216.314071
0.631579,3,216.317037
0.631579,3,216.319973
0.631579,3,216.322925
0.631579,3,216.325818
0.631579,3,216.32871
0.631579,3,216.331595
0.907895,4,216.335514
0.631579,3,216.338489
0.631579,3,216.341461
0.631579,3,216.344423
0.631579,3,216.347327
0.631579,3,216.350253
0.631579,3,216.353124
0.907895,4,216.356941
0.631579,3,216.359876
1.184211,5,216.364753
0.631579,3,216.367563
0.631579,3,216.37049
0.631579,3,216.373417
0.631579,3,216.376338
0.631579,3,216.379297
0.631579,3,216.382238
0.631579,3,216.385214
0.631579,3,216.388176
0.631579,3,216.391128
0.631579,3,216.394132
0.907895,4,216.398097
0.631579,3,216.401112
0.631579,3,216.404078
0.631579,3,216.407106
0.631579,3,216.410134
0.631579,3,216.413178
0.631579,3,216.416181
0.631579,3,216.41916
0.631579,3,216.422167
0.631579,3,216.425222
0.631579,3,216.42812
0.631579,3,216.431002
0.631579,3,216.433798
0.631579,3,216.436578
0.631579,3,216.43929
0.631579,3,216.442194
0.631579,3,216.445119
0.631579,3,216.448021
0.907895,4,216.451823
0.631579,3,216.454716
0.631579,3,216.457582
0.631579,3,216.460438
0.631579,3,216.463283
0.631579,3,216.466137
0.631579,3,216.46899
0.631579,3,216.471825
0.631579,3,216.474677
0.631579,3,216.477593
0.631579,3,216.480492
0.631579,3,216.483375
0.631579,3,216.486204
0.631579,3,216.489021
0.631579,3,216.491862
0.631579,3,216.494691
0.631579,3,216.49766
0.631579,3,216.500518
0.631579,3,216.50343
0.631579,3,216.506345
0.631579,3,216.509252
0.631579,3,216.51216
0.631579,3,216.515062
0.631579,3,216.518074
0.631579,3,216.521026
0.631579,3,216.52392
0.631579,3,216.526776
0.631579,3,216.529665
0.631579,3,216.532619
0.631579,3,216.535583
0.631579,3,216.53849
0.631579,3,216.541397
0.631579,3,216.544302
0.631579,3,216.547254
0.631579,3,216.550327
0.631579,3,216.553269
0.631579,3,216.556208
0.631579,3,216.559155
0.907895,4,216.563105
0.631579,3,216.566047
0.631579,3,216.568979
0.631579,3,216.571942
0.631579,3,216.574899
0.631579,3,216.577834
0.631579,3,216.580796
0.631579,3,216.583789
0.631579,3,216.586801
0.631579,3,216.589803
0.907895,4,216.593641
0.631579,3,216.596483
0.631579,3,216.599354
0.631579,3,216.602224
0.631579,3,216.605145
0.631579,3,216.608064
0.631579,3,216.610974
0.631579,3,216.613859
0.631579,3,216.616729
0.631579,3,224.37135
0.631579,3,224.376855
0.631579,3,224.381453
0.631579,3,224.386336
0.631579,3,224.390627
0.631579,3,224.394955
0.631579,3,224.400097
0.631579,3,224.404736
0.631579,3,224.407893
0.631579,3,224.410924
0.631579,3,224.414574
0.907895,4,224.421212
0.631579,3,224.424756
0.631579,3,224.428941
0.631579,3,224.434053
0.631579,3,224.438097
0.631579,3,224.443016
0.631579,3,224.447026
0.631579,3,224.452306
0.631579,3,224.456552
0.631579,3,224.4607
0.631579,3,224.46373
0.631579,3,224.466849
0.631579,3,224.469915
0.907895,4,224.474174
0.631579,3,224.477232
0.631579,3,224.480615
0.907895,4,224.4854
0.631579,3,224.489702
0.631579,3,224.493628
0.631579,3,224.497959
0.631579,3,224.502082
0.631579,3,224.505055
0.631579,3,224.508061
0.907895,4,224.512141
0.631579,3,224.51527
0.631579,3,224.518248
0.631579,3,224.521342
0.631579,3,224.524729
0.907895,4,224.528978
0.631579,3,224.532036
0.631579,3,224.535162
0.631579,3,224.538299
0.631579,3,224.541339
0.631579,3,224.544418
0.631579,3,224.547633
0.631579,3,224.550838
0.631579,3,224.554104
0.631579,3,224.557275
0.631579,3,224.560458
0.631579,3,224.563506
0.907895,4,224.567434
0.631579,3,224.57051
0.631579,3,224.573743
0.631579,3,224.576978
0.631579,3,224.58024
0.631579,3,224.583369
0.907895,4,224.587416
0.907895,4,224.59152
0.631579,3,224.594626
0.631579,3,224.597719
0.631579,3,224.600863
0.631579,3,224.603994
0.631579,3,224.607183
0.631579,3,224.610346
0.631579,3,224.613393
0.631579,3,224.616416
0.631579,3,224.619497
0.631579,3,224.624697
0.907895,4,224.630267
0.631579,3,224.633343
0.631579,3,224.636415
0.631579,3,224.640166
0.631579,3,224.64434
0.631579,3,224.648361
0.631579,3,224.651477
0.631579,3,224.654519
0.631579,3,224.657656
0.631579,3,224.660806
0.631579,3,224.664077
0.631579,3,224.667237
0.631579,3,224.670251
0.631579,3,224.673293
0.631579,3,224.676252
0.631579,3,224.679134
0.631579,3,224.682114
0.631579,3,224.685216
0.631579,3,224.688057
0.907895,4,224.691815
0.631579,3,224.694744
0.631579,3,224.697672
0.631579,3,224.70058
0.631579,3,224.703476
0.631579,3,224.706375
0.631579,3,224.709254
0.631579,3,224.712129
0.907895,4,224.715967
0.631579,3,224.718854
0.631579,3,224.721739
0.631579,3,224.724629
0.631579,3,224.727483
0.631579,3,224.730362
0.631579,3,224.733249
0.631579,3,224.736126
0.631579,3,224.738996
0.631579,3,224.741939
0.631579,3,224.744833
0.631579,3,224.747723
0.631579,3,224.750637
0.631579,3,224.75358
0.631579,3,224.75655
0.631579,3,224.759495
0.631579,3,224.762458
0.631579,3,224.765367
0.907895,4,224.769193
0.631579,3,224.771966
0.907895,4,224.775698
0.631579,3,224.778641
0.631579,3,224.78156
0.631579,3,224.784454
0.631579,3,224.787361
0.631579,3,224.790275
0.631579,3,224.793195
0.907895,4,224.797035
0.631579,3,224.800141
0.631579,3,224.803056
0.631579,3,224.805973
0.631579,3,224.814074
0.631579,3,224.817273
0.631579,3,224.820466
0.631579,3,224.823818
0.631579,3,224.827018
0.907895,4,224.830939
0.631579,3,224.833895
0.907895,4,224.837835
0.631579,3,224.840925
0.631579,3,224.843823
0.631579,3,224.846735
0.631579,3,224.849662
0.631579,3,224.852594
0.631579,3,224.855546
0.631579,3,224.858491
0.631579,3,224.86142
0.631579,3,224.864344
0.907895,4,224.868207
0.631579,3,224.871119
0.631579,3,224.874025
0.631579,3,224.876932
0.907895,4,224.880704
0.631579,3,224.883674
1.184211,5,224.888505
0.631579,3,224.891486
0.907895,4,224.895273
0.631579,3,224.898149
0.631579,3,224.90103
0.631579,3,224.903909
0.631579,3,224.906785
0.631579,3,224.909674
0.631579,3,224.912585
0.631579,3,224.915469
0.631579,3,224.918364
0.631579,3,224.921263
0.631579,3,224.924178
0.631579,3,224.927034
0.907895,4,224.930739
0.631579,3,224.933548
0.631579,3,224.936479
0.631579,3,224.939371
0.631579,3,224.942297
0.631579,3,224.9452
0.907895,4,224.949166
0.631579,3,224.952084
0.631579,3,224.954998
0.631579,3,224.957939
0.631579,3,224.96081
0.631579,3,224.963697
0.631579,3,224.966639
0.631579,3,224.96963
0.631579,3,224.97255
0.907895,4,224.976546
0.631579,3,224.979413
0.631579,3,224.982328
0.631579,3,224.985247
0.631579,3,224.988245
0.631579,3,224.991219
0.631579,3,224.994131
0.631579,3,224.996974
0.631579,3,224.999785
0.631579,3,225.002599
0.631579,3,225.005604
0.631579,3,225.008601
0.631579,3,225.011584
0.631579,3,225.01458
0.631579,3,225.017487
0.631579,3,225.020429
0.631579,3,225.023354
0.631579,3,225.02634
0.631579,3,225.029312
0.631579,3,225.032305
0.631579,3,225.035272
0.631579,3,225.03827
0.631579,3,225.041269
0.631579,3,225.044258
0.631579,3,225.047274
0.631579,3,225.050283
0.631579,3,225.053194
0.631579,3,225.055988
0.631579,3,225.058793
0.631579,3,225.061667
0.631579,3,225.064565
0.631579,3,225.067373
0.631579,3,225.070206
0.631579,3,225.073049
0.631579,3,225.075891
0.631579,3,225.07882
0.631579,3,225.08173
0.631579,3,225.084666
0.631579,3,225.087575
0.631579,3,225.090471
0.631579,3,225.09335
0.907895,4,225.09722
0.631579,3,225.099992
0.631579,3,225.102806
0.631579,3,225.105702
0.631579,3,225.108586
0.631579,3,225.111531
0.631579,3,225.114484
0.631579,3,225.117432
0.631579,3,225.120309
0.631579,3,225.123228
0.631579,3,225.126135
0.631579,3,225.129019
0.631579,3,225.131891
0.631579,3,225.134798
0.631579,3,225.137673
0.631579,3,225.140568
0.631579,3,225.143506
0.631579,3,225.146448
0.631579,3,225.149357
0.631579,3,225.152323
0.631579,3,225.155291
0.631579,3,225.158264
0.631579,3,225.161267
0.631579,3,225.164247
0.631579,3,225.167178
0.631579,3,225.170169
0.631579,3,225.173129
0.631579,3,225.176102
0.631579,3,225.179071
0.907895,4,225.182915
0.631579,3,225.185796
0.631579,3,225.188681
0.631579,3,225.191595
0.631579,3,225.194522
0.631579,3,225.197474
0.631579,3,225.200385
0.631579,3,225.203293
0.907895,4,225.207109
0.631579,3,225.21002
1.184211,5,225.214941
0.631579,3,225.217912
0.907895,4,225.221793
0.631579,3,225.224728
0.631579,3,225.227645
0.631579,3,225.230567
0.631579,3,225.233519
0.631579,3,225.23646
0.631579,3,225.23944
0.631579,3,225.242428
0.631579,3,225.245422
0.631579,3,225.248423
0.631579,3,225.251398
0.907895,4,225.255374
0.907895,4,225.259316
0.631579,3,225.262246
0.631579,3,225.265183
0.631579,3,225.268104
0.631579,3,225.271013
0.631579,3,225.273954
0.631579,3,225.276833
0.631579,3,225.279735
0.631579,3,225.282804
0.631579,3,225.28574
0.631579,3,225.288697
0.631579,3,225.291607
0.631579,3,225.294527
0.907895,4,225.298351
0.631579,3,225.30127
0.631579,3,225.304188
0.631579,3,225.307077
0.631579,3,225.309861
0.631579,3,225.312721
0.631579,3,225.315457
0.631579,3,225.318194
0.907895,4,225.321914
0.631579,3,225.324698
0.631579,3,225.327547
0.907895,4,225.331323
0.631579,3,225.33426
0.631579,3,225.337125
0.631579,3,225.339988
0.631579,3,225.342875
0.631579,3,225.345747
0.631579,3,225.348656
0.631579,3,225.351559
0.631579,3,225.354416
0.631579,3,225.357295
0.631579,3,225.360066
0.631579,3,225.362962
0.631579,3,225.365805
0.631579,3,225.368634
0.631579,3,225.371493
0.631579,3,225.374364
0.631579,3,225.377287
0.631579,3,225.380305
0.907895,4,225.384308
0.907895,4,225.388373
0.631579,3,225.391351
0.631579,3,225.39436
0.631579,3,225.397331
0.631579,3,225.40098
0.631579,3,225.405288
0.631579,3,225.409168
0.631579,3,225.412868
0.907895,4,225.416713
0.631579,3,225.419548
0.631579,3,225.422531
0.631579,3,225.425525
0.631579,3,225.428505
0.631579,3,225.431425
0.631579,3,225.434462
0.631579,3,225.437456
0.631579,3,225.440406
0.631579,3,225.443361
0.631579,3,225.446327
0.907895,4,225.450125
0.631579,3,225.453072
0.907895,4,225.457124
0.631579,3,225.460101
0.631579,3,225.463082
0.631579,3,225.466005
0.907895,4,225.469883
0.631579,3,225.472762
0.631579,3,225.475602
0.631579,3,225.478517
0.631579,3,225.48145
0.907895,4,225.485374
0.631579,3,225.488303
0.631579,3,225.491231
0.631579,3,225.494158
0.631579,3,225.497092
0.631579,3,225.500054
0.631579,3,225.50301
0.631579,3,225.505926
0.631579,3,225.508926
0.631579,3,225.511922
0.631579,3,225.514883
0.631579,3,225.517828
0.631579,3,225.520723
0.631579,3,225.523671
0.631579,3,225.526649
0.631579,3,225.529572
0.631579,3,225.532598
0.631579,3,225.535556
0.631579,3,225.538431
0.631579,3,225.541301
0.631579,3,225.544257
0.631579,3,225.547143
0.631579,3,225.549989
0.631579,3,225.552838
0.631579,3,225.555729
0.631579,3,225.558609
0.907895,4,225.562386
0.631579,3,225.565302
0.631579,3,225.56819
0.631579,3,225.571036
0.631579,3,225.573914
0.631579,3,225.57675
0.631579,3,225.579652
0.631579,3,225.582541
0.631579,3,225.585413
0.631579,3,225.588254
1.184211,5,225.593076
0.631579,3,225.596003
0.631579,3,225.598945
0.631579,3,225.601849
0.631579,3,225.604731
0.631579,3,225.607606
0.631579,3,225.610445
0.631579,3,225.613309
0.631579,3,225.616251
0.631579,3,225.619212
0.907895,4,225.623067
0.631579,3,225.625922
0.631579,3,225.62881
1.184211,5,225.633605
0.631579,3,225.636551
0.907895,4,225.640548
0.631579,3,225.6435
0.631579,3,225.646409
0.631579,3,225.649391
0.631579,3,225.652274
0.631579,3,225.65512
1.184211,5,225.659956
0.631579,3,225.662837
0.631579,3,225.6657
0.631579,3,225.668589
0.631579,3,225.671501
0.631579,3,225.674379
0.907895,4,225.678201
0.631579,3,225.68104
0.631579,3,225.683903
0.631579,3,225.686857
0.631579,3,225.689799
0.631579,3,225.692779
0.907895,4,225.696731
0.631579,3,225.699628
0.631579,3,225.702543
0.631579,3,225.705442
0.907895,4,225.709928
0.631579,3,225.714826
0.631579,3,225.718899
0.631579,3,225.721786
0.631579,3,225.724675
0.631579,3,225.727543
0.631579,3,225.730474
0.631579,3,225.733439
0.631579,3,225.736444
0.907895,4,225.740374
0.631579,3,225.743326
0.631579,3,225.746189
0.631579,3,225.749111
0.631579,3,225.751996
0.907895,4,225.755891
0.631579,3,225.758844
0.631579,3,225.761682
0.631579,3,225.764516
0.631579,3,225.767399
0.631579,3,225.770282
0.631579,3,225.773184
0.631579,3,225.776044
0.631579,3,225.778905
0.631579,3,225.781792
0.631579,3,225.784655
0.631579,3,225.787516
0.631579,3,225.790424
0.631579,3,225.793319
0.631579,3,225.796265
0.631579,3,225.799274
0.631579,3,225.802275
0.631579,3,225.805275
0.631579,3,225.808269
0.631579,3,225.811241
0.631579,3,225.81422
0.631579,3,225.817131
0.631579,3,225.820021
0.631579,3,225.8229
0.907895,4,225.826812
0.631579,3,225.829743
0.631579,3,225.832681
0.631579,3,225.835703
0.631579,3,225.838669
0.631579,3,225.841618
0.907895,4,225.845536
0.631579,3,225.848458
0.631579,3,225.851384
0.631579,3,225.854357
0.631579,3,225.857247
0.631579,3,225.860239
0.631579,3,225.863173
0.631579,3,225.866104
0.631579,3,225.869026
0.631579,3,225.871998
0.631579,3,225.874979
0.631579,3,225.877947
0.631579,3,225.880917
0.631579,3,225.883895
1.184211,5,225.888751
0.631579,3,225.891608
0.631579,3,225.894548
0.631579,3,225.897489
0.631579,3,225.900422
0.631579,3,225.903439
0.631579,3,225.9064
0.631579,3,225.909392
0.631579,3,225.912384
0.631579,3,225.915403
0.631579,3,225.918354
0.631579,3,225.921183
0.631579,3,225.923981
0.631579,3,225.926818
0.631579,3,225.929761
0.631579,3,225.932708
0.907895,4,225.936638
0.631579,3,225.93962
0.631579,3,225.94261
0.631579,3,225.94555
0.631579,3,225.948495
0.631579,3,225.95143
0.631579,3,225.954365
0.631579,3,225.95734
0.631579,3,225.960287
0.631579,3,225.963163
0.631579,3,225.966151
0.631579,3,225.969157
0.631579,3,225.97211
0.631579,3,225.974955
0.631579,3,225.977849
0.631579,3,225.980762
0.631579,3,225.983619
0.631579,3,225.98655
0.631579,3,225.989471
0.631579,3,225.992401
0.631579,3,225.995303
0.631579,3,225.998311
0.631579,3,226.00124
0.631579,3,226.004156
0.631579,3,226.006971
0.631579,3,226.009805
0.631579,3,226.012603
0.631579,3,226.015362
0.631579,3,226.018081
0.907895,4,226.021809
0.631579,3,226.024645
0.631579,3,226.027375
0.631579,3,226.030166
0.631579,3,226.033007
0.631579,3,226.035839
0.631579,3,226.043714
0.631579,3,226.046996
0.631579,3,226.049968
0.907895,4,226.053591
0.907895,4,226.057228
0.631579,3,226.060323
0.631579,3,226.063179
0.631579,3,226.066223
0.631579,3,226.06925
0.631579,3,226.072238
0.631579,3,226.075288
0.631579,3,226.078214
0.631579,3,226.081157
0.631579,3,226.084077
0.631579,3,226.086998
0.631579,3,226.089897
0.631579,3,226.092858
0.907895,4,226.09674
0.631579,3,226.099658
0.631579,3,226.102653
0.631579,3,226.105548
0.631579,3,226.108448
0.907895,4,226.112365
0.631579,3,226.115231
0.631579,3,226.118158
0.631579,3,226.121172
0.631579,3,226.124194
0.631579,3,226.127182
0.631579,3,226.130209
0.631579,3,226.133249
0.631579,3,226.136284
0.631579,3,226.139227
0.631579,3,226.142183
0.631579,3,226.145161
0.631579,3,226.147979
0.631579,3,226.150903
0.631579,3,226.15384
0.907895,4,226.157849
0.631579,3,226.16085
0.631579,3,226.163841
0.631579,3,226.166877
0.631579,3,226.169924
0.631579,3,226.172959
0.631579,3,226.175987
0.631579,3,226.178944
0.631579,3,226.18185
0.631579,3,226.184813
0.631579,3,226.187758
0.631579,3,226.190722
0.631579,3,226.193675
0.631579,3,226.196577
0.631579,3,226.199525
0.631579,3,226.20248
0.631579,3,226.205468
0.631579,3,226.208439
0.631579,3,226.211385
0.631579,3,226.214355
0.631579,3,226.217309
0.631579,3,226.220249
0.631579,3,226.22319
0.631579,3,226.226119
0.631579,3,226.229058
0.631579,3,226.231991
0.631579,3,226.234987
0.631579,3,226.237904
0.631579,3,226.240921
0.631579,3,226.243908
0.631579,3,226.246845
0.631579,3,226.25107
0.631579,3,226.256086
0.631579,3,226.259296
0.631579,3,226.262301
0.631579,3,226.265306
0.631579,3,226.268326
0.631579,3,226.271327
0.631579,3,226.274304
0.631579,3,226.277181
0.631579,3,226.28018
0.631579,3,226.28322
0.631579,3,226.286222
0.631579,3,226.289219
0.631579,3,226.292214
0.631579,3,226.295193
0.907895,4,226.299097
0.631579,3,226.302098
0.631579,3,226.305041
0.631579,3,226.307932
0.631579,3,226.310846
0.631579,3,226.313762
0.631579,3,226.316715
0.631579,3,226.319706
0.631579,3,226.322721
0.631579,3,226.325727
0.631579,3,226.328753
0.631579,3,226.331786
0.631579,3,226.334871
0.631579,3,226.337953
0.631579,3,226.340948
0.631579,3,226.343875
0.631579,3,226.346693
0.631579,3,226.349555
0.631579,3,226.352467
0.631579,3,226.355348
0.631579,3,226.358396
0.907895,4,226.362429
0.631579,3,226.365441
0.907895,4,226.369278
0.907895,4,226.373169
0.631579,3,226.376001
0.907895,4,226.379913
0.631579,3,226.382945
0.631579,3,226.385895
0.631579,3,226.388882
0.631579,3,226.391893
0.631579,3,226.394913
0.631579,3,226.397905
0.907895,4,226.401922
0.631579,3,226.405001
0.631579,3,226.408206
0.631579,3,226.411233
0.631579,3,226.414253
0.907895,4,226.418119
0.631579,3,226.421051
0.631579,3,226.423957
0.631579,3,226.426894
0.631579,3,226.429836
0.631579,3,226.432757
0.907895,4,226.436738
0.631579,3,226.439718
0.631579,3,234.171391
0.907895,4,234.177685
0.631579,3,234.182267
0.631579,3,234.186545
0.276316,2,234.189125
0.552632,3,234.192228
0.907895,4,234.197347
0.276316,2,234.200903
0.631579,3,234.205137
0.276316,2,234.208005
0.631579,3,234.212583
0.631579,3,234.217737
0.631579,3,234.22261
0.631579,3,234.227573
0.631579,3,234.230785
0.631579,3,234.233879
0.631579,3,234.23684
0.631579,3,234.241213
0.276316,2,234.244134
0.631579,3,234.24846
0.631579,3,234.252669
0.631579,3,234.258305
0.631579,3,234.262956
0.276316,2,234.265343
0.631579,3,234.268555
0.631579,3,234.272929
0.631579,3,234.277046
0.276316,2,234.279747
0.631579,3,234.282788
0.907895,4,234.286727
0.631579,3,234.289751
0.631579,3,234.292963
0.631579,3,234.295961
0.631579,3,234.298922
0.276316,2,234.300916
0.631579,3,234.30386
0.276316,2,234.305773
0.631579,3,234.308749
0.631579,3,234.311566
0.276316,2,234.3135
0.552632,3,234.316377
0.631579,3,234.319239
0.631579,3,234.322081
0.631579,3,234.324907
0.276316,2,234.326838
0.631579,3,234.329746
0.631579,3,234.332661
0.631579,3,234.335561
0.631579,3,234.338484
0.631579,3,234.341422
0.276316,2,234.343339
0.631579,3,234.346296
0.907895,4,234.350332
0.631579,3,234.353307
0.907895,4,234.357132
0.276316,2,234.359149
0.631579,3,234.362066
0.276316,2,234.364032
0.631579,3,234.367025
0.631579,3,234.370024
0.631579,3,234.372978
0.631579,3,234.375852
0.276316,2,234.377848
0.907895,4,234.381778
0.631579,3,234.384737
0.276316,2,234.386719
0.631579,3,234.389658
0.631579,3,234.392615
0.276316,2,234.394707
0.631579,3,234.397742
0.907895,4,234.401812
0.276316,2,234.403824
0.631579,3,234.406811
0.631579,3,234.409836
0.631579,3,234.412772
0.631579,3,234.415763
0.631579,3,234.418703
0.631579,3,234.42169
0.631579,3,234.424619
0.631579,3,234.427531
0.276316,2,234.429496
0.276316,2,234.431516
0.631579,3,234.434475
0.828947,4,234.438416
0.276316,2,234.440384
0.631579,3,234.443466
0.631579,3,234.446705
0.631579,3,234.450128
0.631579,3,234.4531
0.907895,4,234.456908
0.631579,3,234.459831
0.631579,3,234.46284
0.631579,3,234.466249
0.631579,3,234.469173
0.631579,3,234.472134
0.276316,2,234.474055
0.631579,3,234.47693
0.631579,3,234.479828
0.276316,2,234.481983
0.276316,2,234.483934
0.907895,4,234.487827
0.631579,3,234.490844
0.631579,3,234.493907
0.631579,3,234.496845
0.631579,3,234.49981
0.631579,3,234.502611
0.276316,2,234.504573
0.631579,3,234.507521
0.631579,3,234.510481
0.631579,3,234.513356
0.631579,3,234.516284
0.631579,3,234.519268
0.276316,2,234.521253
0.631579,3,234.524381
0.552632,3,234.527416
0.631579,3,234.530416
0.631579,3,234.533432
0.631579,3,234.536451
0.631579,3,234.539462
0.631579,3,234.54248
0.631579,3,234.545459
0.631579,3,234.548503
0.631579,3,234.551481
0.631579,3,234.554429
0.631579,3,234.557459
0.631579,3,234.560477
0.631579,3,234.563417
0.631579,3,234.566368
0.552632,3,234.569321
0.631579,3,234.572288
0.276316,2,234.574286
0.631579,3,234.577308
0.631579,3,234.58033
0.631579,3,234.583337
0.631579,3,234.586357
0.631579,3,234.589407
0.631579,3,234.592439
0.276316,2,234.594468
0.631579,3,234.597527
0.276316,2,234.599515
0.631579,3,234.602573
0.631579,3,234.605602
0.276316,2,234.607558
0.631579,3,234.61048
0.631579,3,234.613407
0.631579,3,234.616411
0.276316,2,234.618372
0.631579,3,234.621416
0.552632,3,234.624445
0.631579,3,234.627415
0.631579,3,234.630387
0.631579,3,234.633381
0.631579,3,234.636408
0.631579,3,234.639386
0.631579,3,234.64239
0.276316,2,234.644309
0.907895,4,234.648405
0.276316,2,234.650356
0.907895,4,234.654285
0.631579,3,234.657214
0.631579,3,234.660121
0.631579,3,234.663002
0.631579,3,234.665956
0.631579,3,234.668904
0.631579,3,234.671815
0.631579,3,234.674652
0.276316,2,234.676574
0.631579,3,234.679478
0.907895,4,234.683295
0.552632,3,234.686242
0.276316,2,234.688159
0.276316,2,234.69008
0.631579,3,234.69295
0.631579,3,234.695752
0.631579,3,234.698579
0.907895,4,234.702518
0.631579,3,234.705426
0.631579,3,234.708315
0.276316,2,234.710288
0.631579,3,234.713208
0.631579,3,234.7162
0.631579,3,234.719215
0.631579,3,234.722175
0.631579,3,234.725134
0.631579,3,234.728057
0.631579,3,234.730953
0.276316,2,234.732829
0.631579,3,234.735636
0.631579,3,234.738467
0.276316,2,234.740391
0.631579,3,234.743332
0.631579,3,234.746361
0.276316,2,234.748315
0.907895,4,234.752188
0.907895,4,234.756173
0.631579,3,234.759043
0.276316,2,234.761044
0.631579,3,234.763987
0.631579,3,234.766962
0.631579,3,234.769925
0.907895,4,234.773726
0.631579,3,234.776589
0.631579,3,234.779474
0.276316,2,234.781474
0.276316,2,234.783413
0.631579,3,234.786282
0.631579,3,234.789204
0.631579,3,234.792074
0.631579,3,234.794995
0.631579,3,234.797812
0.631579,3,234.800732
0.631579,3,234.803643
0.631579,3,234.80647
0.631579,3,234.809388
0.631579,3,234.812329
0.907895,4,234.816082
0.907895,4,234.819902
0.631579,3,234.822804
0.631579,3,234.825677
0.631579,3,234.828518
0.631579,3,234.83146
0.276316,2,234.833463
0.631579,3,234.836421
0.631579,3,234.839355
0.631579,3,234.84227
0.631579,3,234.845071
0.276316,2,234.847105
0.631579,3,234.850008
0.631579,3,234.852905
0.631579,3,234.855849
0.631579,3,234.858792
0.631579,3,234.86166
0.276316,2,234.863576
0.631579,3,234.866551
0.631579,3,234.869506
0.631579,3,234.872415
0.631579,3,234.875289
0.631579,3,234.878212
0.631579,3,234.881185
0.907895,4,234.887049
0.631579,3,234.890773
0.276316,2,234.892709
0.631579,3,234.895659
0.276316,2,234.897686
0.631579,3,234.900482
0.276316,2,234.902484
0.631579,3,234.905392
0.631579,3,234.908298
0.907895,4,234.912113
0.631579,3,234.915049
0.276316,2,234.917016
0.276316,2,234.918968
0.631579,3,234.921919
0.631579,3,234.924874
0.552632,3,234.92783
0.276316,2,234.929753
0.631579,3,234.93263
0.631579,3,234.935517
0.631579,3,234.938386
0.631579,3,234.941273
0.631579,3,234.944149
0.276316,2,234.946115
0.631579,3,234.94906
0.631579,3,234.951879
0.276316,2,234.95386
0.631579,3,234.956792
0.631579,3,234.959716
0.276316,2,234.961718
0.631579,3,234.96464
0.631579,3,234.967575
0.631579,3,234.970449
0.631579,3,234.973391
0.631579,3,234.976335
0.631579,3,234.979277
0.276316,2,234.981304
0.631579,3,234.984512
0.907895,4,234.990469
0.631579,3,234.994234
0.276316,2,234.996866
0.907895,4,235.00109
0.907895,4,235.005007
0.631579,3,235.007972
0.631579,3,235.010963
0.276316,2,235.012897
0.631579,3,235.015902
0.631579,3,235.018858
0.631579,3,235.021794
0.552632,3,235.024686
0.631579,3,235.027582
0.631579,3,235.030458
0.276316,2,235.032418
0.631579,3,235.035264
0.631579,3,235.038108
0.631579,3,235.040958
0.276316,2,235.04285
0.907895,4,235.051795
0.631579,3,235.05526
0.276316,2,235.057263
0.276316,2,235.059194
0.276316,2,235.061114
0.631579,3,235.063981
0.631579,3,235.067259
0.631579,3,235.070115
0.631579,3,235.073016
0.631579,3,235.07587
0.631579,3,235.078737
0.631579,3,235.081618
0.631579,3,235.08452
0.631579,3,235.087315
0.276316,2,235.089257
0.631579,3,235.092121
0.631579,3,235.095047
0.631579,3,235.09793
0.907895,4,235.101727
0.631579,3,235.104648
0.631579,3,235.107545
0.276316,2,235.109451
0.631579,3,235.112359
0.631579,3,235.115265
0.907895,4,235.119135
0.276316,2,235.121057
0.276316,2,235.122971
0.276316,2,235.124866
0.631579,3,235.127698
0.631579,3,235.130537
0.631579,3,235.133246
0.631579,3,235.136132
0.631579,3,235.13898
0.631579,3,235.141836
0.631579,3,235.144629
0.276316,2,235.146537
0.276316,2,235.148438
0.276316,2,235.150385
0.907895,4,235.154087
0.631579,3,235.156943
0.631579,3,235.159789
0.907895,4,235.163582
0.631579,3,235.166498
0.276316,2,235.168472
0.631579,3,235.171355
0.631579,3,235.174263
0.631579,3,235.177181
0.631579,3,235.180095
0.631579,3,235.183003
0.276316,2,235.184949
0.631579,3,235.187785
0.631579,3,235.190545
0.631579,3,235.193327
0.276316,2,235.195131
0.631579,3,235.197971
0.631579,3,235.20087
0.276316,2,235.202814
0.631579,3,235.205678
0.631579,3,235.208572
0.631579,3,235.211425
0.631579,3,235.214277
0.907895,4,235.218321
0.631579,3,235.221272
0.276316,2,235.223325
0.631579,3,235.226338
0.276316,2,235.228269
0.631579,3,235.231294
0.631579,3,235.23439
0.631579,3,235.237221
0.631579,3,235.240115
0.631579,3,235.242996
0.631579,3,235.245995
0.631579,3,235.249035
0.631579,3,235.251868
0.276316,2,235.253885
0.907895,4,235.257639
0.631579,3,235.260593
0.631579,3,235.263577
0.631579,3,235.26654
0.631579,3,235.269542
0.276316,2,235.271446
0.631579,3,235.274408
0.631579,3,235.277389
0.631579,3,235.280387
0.631579,3,235.283381
0.631579,3,235.286281
0.631579,3,235.28916
0.631579,3,235.291944
0.631579,3,235.294771
0.276316,2,235.296679
0.631579,3,235.299687
0.631579,3,235.302542
0.631579,3,235.305524
0.631579,3,235.308499
0.631579,3,235.311458
0.631579,3,235.314464
0.631579,3,235.317389
0.631579,3,235.3203
0.631579,3,235.323214
0.631579,3,235.326138
0.276316,2,235.328143
0.631579,3,235.331114
0.276316,2,235.333118
0.552632,3,235.336113
0.631579,3,235.339043
0.631579,3,235.34191
0.631579,3,235.34483
0.276316,2,235.346834
0.631579,3,235.349855
0.276316,2,235.351797
0.631579,3,235.354704
0.631579,3,235.357615
0.631579,3,235.360533
0.631579,3,235.363519
0.631579,3,235.366689
0.631579,3,235.36966
0.631579,3,235.372565
0.631579,3,235.375536
0.631579,3,235.378501
0.631579,3,235.381444
0.631579,3,235.38443
0.631579,3,235.387407
0.276316,2,235.389354
0.276316,2,235.391243
0.276316,2,235.393254
0.907895,4,235.397146
0.276316,2,235.399169
0.631579,3,235.401998
0.631579,3,235.404814
0.631579,3,235.407735
0.631579,3,235.410662
0.631579,3,235.413656
0.552632,3,235.41662
0.631579,3,235.41963
0.631579,3,235.422624
0.552632,3,235.425557
0.631579,3,235.428494
0.631579,3,235.431409
0.276316,2,235.433318
0.631579,3,235.436254
0.631579,3,235.43917
0.631579,3,235.442076
0.631579,3,235.445058
0.907895,4,235.449043
0.631579,3,235.451882
0.907895,4,235.455916
0.631579,3,235.458876
0.907895,4,235.462803
0.631579,3,235.465806
0.631579,3,235.468771
0.631579,3,235.471667
0.631579,3,235.474591
0.276316,2,235.476626
0.631579,3,235.479563
0.631579,3,235.48245
0.552632,3,235.485324
0.276316,2,235.487289
0.631579,3,235.490208
0.276316,2,235.49221
0.631579,3,235.495141
0.631579,3,235.49815
0.631579,3,235.501067
0.631579,3,235.504753
0.631579,3,235.507699
0.631579,3,235.510674
0.631579,3,235.514485
0.631579,3,235.51856
0.631579,3,235.52198
0.631579,3,235.524952
0.631579,3,235.527943
0.631579,3,235.530939
0.276316,2,235.532842
0.907895,4,235.536849
0.631579,3,235.539869
0.276316,2,235.541892
0.276316,2,235.543821
0.631579,3,235.546918
0.631579,3,235.549862
0.631579,3,235.552799
0.276316,2,235.554779
0.631579,3,235.55769
0.907895,4,235.56159
0.276316,2,235.563565
0.631579,3,235.566549
0.631579,3,235.56954
0.276316,2,235.57152
0.631579,3,235.57453
0.631579,3,235.577485
0.631579,3,235.580438
0.631579,3,235.583413
0.631579,3,235.586385
0.631579,3,235.589302
0.631579,3,235.59234
0.631579,3,235.595351
0.276316,2,235.597356
0.907895,4,235.601419
0.907895,4,235.605538
0.631579,3,235.608614
0.631579,3,235.611581
0.907895,4,235.615552
0.631579,3,235.61849
0.631579,3,235.621493
0.276316,2,235.623459
0.631579,3,235.626413
0.631579,3,235.629284
0.631579,3,235.632302
0.631579,3,235.635263
0.631579,3,235.638153
0.276316,2,235.640156
0.631579,3,235.643048
0.631579,3,235.645977
0.631579,3,235.648966
0.276316,2,235.650866
0.631579,3,235.653833
0.631579,3,235.65672
0.631579,3,235.659596
0.631579,3,235.662455
0.631579,3,235.665407
0.631579,3,235.668343
0.631579,3,235.671309
0.907895,4,235.675163
0.631579,3,235.678102
0.631579,3,235.681112
0.631579,3,235.684171
0.631579,3,235.687206
0.631579,3,235.690187
0.631579,3,235.693171
0.631579,3,235.696106
0.631579,3,235.699055
0.631579,3,235.702003
0.631579,3,235.70497
0.631579,3,235.707959
0.631579,3,235.710948
0.276316,2,235.712934
0.631579,3,235.715889
0.631579,3,235.718871
0.631579,3,235.721792
0.276316,2,235.723722
0.631579,3,235.72665
0.631579,3,235.729551
0.631579,3,235.732521
0.631579,3,235.735389
0.631579,3,235.738405
0.631579,3,235.741319
0.631579,3,235.744209
0.631579,3,235.747107
0.276316,2,235.749102
0.631579,3,235.751935
0.907895,4,235.755607
0.276316,2,235.757481
0.631579,3,235.760189
0.907895,4,235.763922
0.631579,3,235.766577
0.276316,2,235.768457
0.631579,3,235.771243
0.631579,3,235.774018
0.631579,3,235.776781
0.907895,4,235.780482
0.631579,3,235.783289
0.631579,3,235.78611
0.907895,4,235.789826
0.631579,3,235.792646
0.631579,3,235.795485
0.276316,2,235.797357
0.631579,3,235.800112
0.631579,3,235.802899
0.631579,3,235.805705
0.631579,3,235.808521
0.631579,3,235.8112
0.631579,3,235.814017
0.631579,3,235.816882
0.276316,2,235.818801
0.631579,3,235.821605
0.631579,3,235.8244
0.631579,3,235.827276
0.276316,2,235.829126
0.276316,2,235.831005
0.631579,3,235.833859
0.631579,3,235.836699
0.631579,3,235.839514
0.631579,3,235.84234
0.276316,2,235.844239
0.276316,2,235.845976
0.276316,2,235.847909
0.631579,3,235.850736
0.631579,3,235.853514
0.631579,3,235.856197
0.631579,3,235.85904
0.276316,2,235.860911
0.631579,3,235.863639
0.631579,3,235.866315
0.631579,3,235.868997
0.631579,3,235.871773
0.631579,3,235.87455
0.276316,2,235.876394
0.907895,4,235.880152
0.631579,3,235.882943
0.907895,4,235.886619
0.907895,4,235.890323
0.276316,2,235.892193
0.631579,3,235.894997
0.631579,3,235.89782
0.276316,2,235.899707
0.631579,3,235.902499
0.631579,3,235.905324
0.631579,3,235.908114
0.276316,2,235.909935
0.631579,3,235.912686
0.276316,2,235.914565
0.276316,2,235.916431
0.631579,3,235.919247
0.631579,3,235.922038
0.631579,3,235.924851
0.631579,3,235.927637
0.631579,3,235.930424
0.631579,3,235.933155
0.631579,3,235.93598
0.631579,3,235.938779
0.907895,4,235.942536
0.631579,3,235.945371
0.631579,3,235.948243
0.631579,3,235.951059
0.907895,4,235.954975
0.631579,3,235.957854
0.631579,3,235.960767
0.631579,3,235.963665
0.631579,3,235.966627
0.631579,3,235.96959
0.631579,3,235.972568
0.631579,3,235.975523
0.907895,4,235.979507
0.631579,3,235.982605
0.631579,3,235.985562
0.907895,4,235.989397
0.631579,3,235.992416
0.276316,2,235.994442
0.631579,3,235.997407
0.631579,3,236.000403
0.631579,3,236.003401
0.631579,3,236.006444
0.631579,3,236.009404
0.631579,3,236.012288
0.631579,3,236.015265
0.631579,3,236.018178
0.552632,3,236.021059
0.631579,3,236.02388
0.631579,3,236.026782
0.631579,3,236.029675
0.907895,4,236.033536
0.631579,3,236.03643
0.631579,3,236.039328
0.276316,2,236.041277
0.276316,2,236.043197
0.631579,3,236.046089
0.631579,3,236.049064
0.631579,3,236.052008
0.631579,3,236.054923
0.631579,3,236.057844
0.631579,3,236.060778
0.631579,3,236.063686
0.631579,3,236.066614
0.276316,2,236.068565
0.631579,3,236.071468
0.631579,3,236.074387
0.631579,3,236.077337
0.631579,3,236.080217
0.276316,2,236.082204
0.276316,2,236.084044
0.631579,3,236.086926
0.276316,2,236.088914
0.631579,3,236.091781
0.631579,3,236.094651
0.631579,3,236.097629
0.276316,2,236.09958
0.276316,2,236.101428
0.631579,3,236.104252
0.631579,3,236.107175
0.907895,4,236.110996
0.631579,3,236.113856
0.631579,3,236.116812
0.276316,2,236.118713
0.631579,3,236.121634
0.907895,4,236.125447
0.631579,3,236.128371
0.631579,3,236.131253
0.631579,3,236.134154
0.631579,3,236.137001
0.631579,3,236.139829
0.276316,2,236.141738
0.631579,3,236.144674
0.631579,3,236.147631
0.631579,3,236.150582
0.631579,3,236.153546
0.631579,3,236.156476
0.907895,4,236.160321
0.631579,3,236.163349
0.276316,2,236.165269
0.631579,3,236.168132
0.552632,3,236.171088
0.631579,3,236.173951
0.276316,2,236.175911
0.907895,4,236.179802
0.631579,3,236.182686
0.631579,3,236.18556
0.631579,3,236.18849
0.631579,3,236.191392
0.631579,3,236.194289
0.631579,3,236.197222
0.631579,3,236.200181
0.631579,3,236.203105
0.631579,3,236.206015
0.907895,4,236.209884
0.276316,2,236.21179
0.276316,2,236.213758
0.907895,4,243.782927
0.631579,3,243.788604
0.631579,3,243.792606
0.631579,3,243.796875
0.631579,3,243.802564
0.631579,3,243.805943
0.907895,4,243.809808
0.631579,3,243.813033
0.631579,3,243.816739
0.631579,3,243.820836
0.631579,3,243.825016
0.631579,3,243.829779
0.631579,3,243.83438
0.631579,3,243.838973
0.631579,3,243.842865
0.631579,3,243.846425
0.631579,3,243.860757
0.907895,4,243.867709
0.631579,3,243.872427
0.631579,3,243.876944
0.631579,3,243.881166
0.631579,3,243.885404
0.631579,3,243.890347
0.631579,3,243.894741
0.631579,3,243.899431
0.631579,3,243.903715
0.631579,3,243.907625
0.631579,3,243.910845
0.631579,3,243.913775
0.631579,3,243.916795
0.907895,4,243.921184
0.631579,3,243.924374
0.631579,3,243.927715
0.631579,3,243.932226
0.631579,3,243.936507
0.631579,3,243.94079
0.631579,3,243.944285
0.631579,3,243.947322
0.631579,3,243.950375
0.631579,3,243.953413
0.631579,3,243.95646
0.907895,4,243.960485
0.631579,3,243.963542
0.631579,3,243.966572
0.631579,3,243.969635
0.631579,3,243.97269
0.631579,3,243.975753
0.631579,3,243.978784
0.631579,3,243.981761
0.631579,3,243.984844
0.631579,3,243.987834
0.907895,4,243.991892
0.631579,3,243.994947
0.631579,3,243.997925
0.631579,3,244.000978
0.631579,3,244.003927
0.631579,3,244.006894
0.631579,3,244.009903
0.631579,3,244.012781
0.907895,4,244.016694
0.631579,3,244.019719
0.631579,3,244.022918
0.631579,3,244.02612
0.631579,3,244.029256
0.631579,3,244.032963
0.631579,3,244.03594
0.631579,3,244.039256
0.631579,3,244.042725
0.631579,3,244.045789
0.631579,3,244.048851
0.631579,3,244.051729
0.631579,3,244.054665
0.631579,3,244.057749
0.907895,4,244.061834
0.631579,3,244.064841
0.276316,2,244.066757
0.631579,3,244.069708
0.631579,3,244.07289
0.631579,3,244.07597
0.631579,3,244.078956
0.631579,3,244.082028
0.631579,3,244.085052
0.631579,3,244.088132
0.631579,3,244.091167
0.631579,3,244.094199
0.631579,3,244.097192
0.631579,3,244.100103
0.631579,3,244.102961
0.276316,2,244.105006
0.907895,4,244.109054
0.631579,3,244.111919
0.631579,3,244.114793
0.631579,3,244.117708
0.907895,4,244.121753
0.631579,3,244.124712
0.631579,3,244.127555
0.631579,3,244.130435
0.631579,3,244.133272
0.631579,3,244.136192
0.631579,3,244.139072
0.631579,3,244.142041
0.631579,3,244.144917
0.631579,3,244.147793
0.631579,3,244.150681
0.631579,3,244.153533
0.631579,3,244.156336
0.631579,3,244.159131
0.631579,3,244.16195
0.631579,3,244.164802
0.631579,3,244.167641
0.631579,3,244.170549
0.907895,4,244.174424
0.276316,2,244.176438
0.631579,3,244.179335
0.631579,3,244.182233
0.631579,3,244.185083
0.631579,3,244.187898
0.631579,3,244.190761
0.631579,3,244.193676
0.907895,4,244.197697
0.631579,3,244.200852
0.631579,3,244.204331
0.631579,3,244.208115
0.631579,3,244.211205
0.276316,2,244.213039
0.631579,3,244.215946
0.631579,3,244.218909
0.631579,3,244.222165
0.631579,3,244.225169
0.631579,3,244.229455
0.631579,3,244.233634
0.631579,3,244.236448
0.631579,3,244.239224
0.631579,3,244.241952
0.631579,3,244.244731
0.907895,4,244.249355
0.631579,3,244.252387
0.631579,3,244.25563
0.631579,3,244.259002
0.631579,3,244.261979
0.631579,3,244.264874
0.631579,3,244.267776
0.631579,3,244.270681
0.631579,3,244.273682
0.907895,4,244.277637
0.631579,3,244.280591
0.907895,4,244.284424
0.631579,3,244.287404
0.631579,3,244.290425
0.631579,3,244.293448
0.631579,3,244.296365
0.631579,3,244.299314
0.631579,3,244.302391
0.631579,3,244.305394
0.631579,3,244.308301
0.631579,3,244.311326
0.907895,4,244.315285
0.907895,4,244.319115
0.631579,3,244.322127
0.631579,3,244.325161
0.631579,3,244.32818
0.631579,3,244.331118
0.631579,3,244.334094
0.631579,3,244.337073
0.631579,3,244.340104
0.631579,3,244.343104
0.631579,3,244.346071
0.631579,3,244.349082
0.907895,4,244.353134
0.631579,3,244.356104
0.276316,2,244.358093
0.631579,3,244.361063
0.631579,3,244.365969
0.631579,3,244.370388
0.631579,3,244.373436
0.631579,3,244.376357
0.631579,3,244.379455
0.631579,3,244.382499
0.631579,3,244.385551
0.631579,3,244.388592
0.631579,3,244.391632
0.631579,3,244.394782
0.631579,3,244.397846
0.631579,3,244.400857
0.631579,3,244.403859
0.631579,3,244.406926
0.631579,3,244.410038
0.631579,3,244.41311
0.631579,3,244.416164
0.631579,3,244.419328
0.631579,3,244.42243
0.631579,3,244.425586
0.631579,3,244.428635
0.276316,2,244.430622
0.276316,2,244.432683
0.631579,3,244.435735
0.631579,3,244.438783
0.631579,3,244.441852
0.631579,3,244.444906
0.907895,4,244.448928
0.631579,3,244.451938
0.631579,3,244.454863
0.631579,3,244.457934
0.631579,3,244.460878
0.631579,3,244.463781
0.631579,3,244.466841
0.907895,4,244.47088
0.631579,3,244.473989
0.631579,3,244.476837
1.184211,5,244.481861
0.276316,2,244.483863
0.631579,3,244.486786
0.631579,3,244.489779
0.631579,3,244.492722
0.631579,3,244.497737
0.631579,3,244.502777
0.631579,3,244.50665
0.631579,3,244.509699
0.631579,3,244.512626
0.631579,3,244.515523
0.631579,3,244.518431
0.631579,3,244.521343
0.631579,3,244.52449
0.631579,3,244.527445
0.631579,3,244.530258
0.631579,3,244.533126
0.631579,3,244.536057
0.631579,3,244.539016
0.907895,4,244.542965
0.631579,3,244.545901
0.907895,4,244.549712
0.631579,3,244.552563
0.631579,3,244.5555
0.631579,3,244.558423
0.631579,3,244.561276
0.631579,3,244.564179
0.631579,3,244.567029
0.631579,3,244.569972
0.631579,3,244.572884
0.631579,3,244.575771
0.631579,3,244.578529
0.907895,4,244.582357
0.631579,3,244.585247
0.631579,3,244.588178
0.631579,3,244.591026
0.631579,3,244.593983
0.631579,3,244.596945
0.631579,3,244.600064
0.907895,4,244.603996
0.631579,3,244.606959
0.631579,3,244.60988
0.631579,3,244.612828
0.631579,3,244.615816
0.631579,3,244.618726
0.631579,3,244.621692
0.631579,3,244.624585
0.631579,3,244.627508
0.631579,3,244.630401
0.631579,3,244.633316
0.631579,3,244.636226
0.631579,3,244.639133
0.631579,3,244.642001
0.631579,3,244.644941
0.631579,3,244.647815
0.631579,3,244.650752
0.276316,2,244.652721
0.631579,3,244.655652
0.631579,3,244.658658
0.631579,3,244.661654
0.631579,3,244.664637
0.631579,3,244.667605
0.631579,3,244.670603
0.631579,3,244.673596
0.631579,3,244.676617
0.631579,3,244.679631
0.631579,3,244.682585
0.631579,3,244.685528
0.631579,3,244.688456
0.631579,3,244.691399
0.631579,3,244.694346
0.631579,3,244.697304
0.631579,3,244.700145
0.631579,3,244.702987
0.276316,2,244.704961
0.631579,3,244.707878
0.631579,3,244.710649
0.631579,3,244.713492
0.631579,3,244.716354
0.631579,3,244.719294
0.631579,3,244.722223
0.631579,3,244.725178
0.631579,3,244.728122
0.631579,3,244.731041
0.631579,3,244.733905
0.631579,3,244.736781
0.631579,3,244.739555
0.631579,3,244.742463
0.631579,3,244.745386
0.631579,3,244.748287
0.631579,3,244.751198
0.907895,4,244.755144
0.631579,3,244.758064
0.631579,3,244.760994
0.631579,3,244.763899
0.631579,3,244.766771
0.631579,3,244.769693
0.631579,3,244.772694
0.631579,3,244.775656
0.631579,3,244.7786
0.631579,3,244.781523
0.907895,4,244.785436
0.631579,3,244.788404
0.631579,3,244.791347
0.631579,3,244.794301
0.631579,3,244.797275
0.631579,3,244.800255
1.184211,5,244.805228
0.552632,3,244.808125
0.631579,3,244.8111
0.631579,3,244.814076
0.631579,3,244.817074
0.631579,3,244.820001
0.631579,3,244.822896
0.631579,3,244.825852
0.631579,3,244.828824
0.631579,3,244.8317
0.631579,3,244.834615
0.631579,3,244.837591
0.907895,4,244.8416
0.276316,2,244.843579
0.631579,3,244.84654
0.631579,3,244.849485
0.631579,3,244.852431
0.631579,3,244.855367
0.631579,3,244.858311
0.631579,3,244.861156
0.631579,3,244.863952
0.631579,3,244.866743
0.631579,3,244.869597
0.631579,3,244.87245
0.631579,3,244.875419
0.631579,3,244.878341
0.631579,3,244.881283
0.276316,2,244.8832
0.631579,3,244.886045
0.631579,3,244.888938
0.276316,2,244.890959
0.907895,4,244.894784
0.631579,3,244.897665
0.631579,3,244.900509
0.631579,3,244.903404
0.631579,3,244.906269
0.631579,3,244.909155
0.631579,3,244.912104
0.631579,3,244.915046
0.631579,3,244.917984
0.631579,3,244.920923
0.631579,3,244.923813
0.631579,3,244.926732
0.631579,3,244.92957
0.631579,3,244.932419
0.631579,3,244.935251
0.631579,3,244.938078
0.631579,3,244.94093
0.631579,3,244.943778
0.631579,3,244.946628
0.631579,3,244.949498
0.631579,3,244.952478
0.631579,3,244.955419
0.631579,3,244.958375
1.184211,5,244.96331
0.631579,3,244.966212
0.631579,3,244.969121
0.631579,3,244.971983
0.631579,3,244.975279
0.276316,2,244.97736
0.907895,4,244.981206
0.631579,3,244.984065
0.631579,3,244.986954
0.631579,3,244.989937
0.631579,3,244.992855
0.631579,3,244.995718
0.907895,4,244.999606
0.631579,3,245.002533
0.631579,3,245.005379
0.631579,3,245.008339
0.631579,3,245.011246
0.631579,3,245.014111
0.631579,3,245.016967
0.276316,2,245.018864
0.631579,3,245.021748
0.631579,3,245.02471
0.631579,3,245.027634
0.631579,3,245.030547
0.631579,3,245.033438
0.907895,4,245.037333
0.907895,4,245.041172
0.907895,4,245.045001
0.631579,3,245.047905
0.631579,3,245.050814
0.276316,2,245.052746
0.907895,4,245.056722
0.631579,3,245.059618
0.631579,3,245.062508
0.631579,3,245.065384
0.631579,3,245.068288
0.631579,3,245.071179
0.631579,3,245.074103
0.631579,3,245.077059
0.631579,3,245.08001
0.631579,3,245.082977
0.631579,3,245.085891
0.631579,3,245.088781
0.907895,4,245.092586
0.631579,3,245.095479
0.631579,3,245.098389
0.631579,3,245.101182
0.631579,3,245.103932
0.631579,3,245.106825
0.631579,3,245.109678
0.631579,3,245.112554
0.631579,3,245.115415
0.631579,3,245.118335
0.631579,3,245.121251
0.631579,3,245.124133
0.907895,4,245.133881
0.631579,3,245.137141
0.631579,3,245.140456
0.631579,3,245.143468
0.907895,4,245.147303
0.631579,3,245.150157
0.631579,3,245.152987
0.631579,3,245.155815
0.631579,3,245.158739
0.631579,3,245.161581
0.631579,3,245.164398
0.631579,3,245.167186
0.631579,3,245.170036
0.631579,3,245.172881
0.631579,3,245.17581
0.631579,3,245.178702
0.631579,3,245.181606
0.907895,4,245.185435
0.631579,3,245.188323
0.631579,3,245.191217
0.631579,3,245.194124
0.631579,3,245.197035
0.631579,3,245.200083
0.631579,3,245.203048
0.276316,2,245.205005
0.631579,3,245.20792
0.631579,3,245.210837
0.631579,3,245.213773
0.631579,3,245.216738
0.631579,3,245.219686
0.631579,3,245.222601
0.631579,3,245.225525
0.631579,3,245.228429
0.631579,3,245.231329
1.105263,5,245.236197
0.631579,3,245.238999
0.631579,3,245.241841
0.631579,3,245.244722
0.631579,3,245.247592
0.631579,3,245.250556
0.631579,3,245.25352
0.907895,4,245.25741
0.552632,3,245.260326
0.631579,3,245.263199
0.631579,3,245.266042
0.631579,3,245.268886
0.631579,3,245.27174
0.631579,3,245.274686
0.631579,3,245.277603
0.907895,4,245.281431
0.907895,4,245.285301
0.631579,3,245.288213
0.631579,3,245.291114
0.276316,2,245.293054
0.631579,3,245.295942
0.631579,3,245.298783
0.276316,2,245.300739
0.631579,3,245.303683
0.631579,3,245.306597
0.631579,3,245.309364
0.631579,3,245.312128
0.631579,3,245.315003
0.631579,3,245.317948
0.631579,3,245.32087
0.631579,3,245.323803
0.631579,3,245.326736
0.631579,3,245.329698
0.631579,3,245.332694
0.631579,3,245.335658
0.907895,4,245.341709
0.276316,2,245.34508
0.631579,3,245.349224
0.631579,3,245.352074
0.631579,3,245.354933
0.907895,4,245.358613
0.631579,3,245.361428
0.631579,3,245.36427
0.631579,3,245.367201
0.631579,3,245.370096
0.631579,3,245.373011
0.631579,3,245.375961
0.631579,3,245.378825
0.631579,3,245.381709
0.631579,3,245.3846
0.631579,3,245.387474
0.631579,3,245.390426
0.631579,3,245.393318
0.631579,3,245.396204
0.907895,4,245.400002
0.631579,3,245.402907
0.631579,3,245.405796
0.907895,4,245.4096
0.631579,3,245.41246
0.631579,3,245.415312
0.276316,2,245.417241
0.907895,4,245.421003
0.631579,3,245.423862
0.631579,3,245.426655
0.631579,3,245.429515
0.631579,3,245.432366
0.631579,3,245.435222
0.631579,3,245.438123
0.631579,3,245.441009
0.631579,3,245.443919
0.631579,3,245.446788
0.631579,3,245.449692
0.631579,3,245.452565
0.631579,3,245.455425
0.631579,3,245.458305
0.631579,3,245.461201
0.631579,3,245.464098
0.631579,3,245.466869
0.631579,3,245.469649
0.631579,3,245.472417
0.631579,3,245.475397
0.631579,3,245.478311
0.276316,2,245.481102
0.631579,3,245.486335
0.631579,3,245.490548
0.631579,3,245.494418
0.631579,3,245.498324
0.631579,3,245.502075
0.631579,3,245.505
0.631579,3,245.50781
0.631579,3,245.510708
0.631579,3,245.513594
0.631579,3,245.516473
0.631579,3,245.519349
0.907895,4,245.523167
0.631579,3,245.52593
0.631579,3,245.529996
0.631579,3,245.534813
0.631579,3,245.538308
0.631579,3,245.541187
0.631579,3,245.544066
0.631579,3,245.547048
0.631579,3,245.549919
0.631579,3,245.552794
0.631579,3,245.555679
0.631579,3,245.558536
0.631579,3,245.561386
0.907895,4,245.565118
0.631579,3,245.567913
0.631579,3,245.570734
0.631579,3,245.573565
0.631579,3,245.576349
0.631579,3,245.579151
0.631579,3,245.581948
0.631579,3,245.584752
0.631579,3,245.587603
0.631579,3,245.590494
0.907895,4,245.594375
0.631579,3,245.597246
0.631579,3,245.60006
0.631579,3,245.602853
0.631579,3,245.605669
0.631579,3,245.608473
0.631579,3,245.611236
0.907895,4,245.614924
0.631579,3,245.617696
0.631579,3,245.62047
0.631579,3,245.623232
0.631579,3,245.626056
0.631579,3,245.628896
0.631579,3,245.631724
0.631579,3,245.634521
0.631579,3,245.637293
0.631579,3,245.640051
0.907895,4,245.643746
0.631579,3,245.646564
0.631579,3,245.649269
0.631579,3,245.652023
0.631579,3,245.656745
0.631579,3,245.661314
0.631579,3,245.664224
0.631579,3,245.667046
0.631579,3,245.669876
0.631579,3,245.672722
0.631579,3,245.675612
0.631579,3,245.678454
0.631579,3,245.681302
0.631579,3,245.684132
0.631579,3,245.686985
0.907895,4,245.69076
0.631579,3,245.693605
0.631579,3,245.69655
0.631579,3,245.699496
0.276316,2,245.70142
0.631579,3,245.704399
0.631579,3,245.707359
0.631579,3,245.710193
0.631579,3,245.713035
0.631579,3,245.715892
0.631579,3,245.718759
0.631579,3,245.721642
0.631579,3,245.724586
0.631579,3,245.727515
0.631579,3,245.730462
0.631579,3,245.733386
0.631579,3,245.736321
0.631579,3,245.739287
0.631579,3,245.742183
0.631579,3,245.745121
0.631579,3,245.748041
0.631579,3,245.750931
0.631579,3,245.753799
0.631579,3,245.756689
0.631579,3,245.75962
0.631579,3,245.762565
0.631579,3,245.765481
0.631579,3,245.768414
0.631579,3,245.77134
0.631579,3,245.774249
0.631579,3,245.777173
0.631579,3,245.780077
0.276316,2,245.782048
0.631579,3,245.784967
0.631579,3,245.78784
0.631579,3,245.790648
0.631579,3,245.793435
0.631579,3,245.796266
0.631579,3,245.799201
0.631579,3,245.802095
0.631579,3,245.804927
0.631579,3,245.807824
0.631579,3,245.810766
0.631579,3,245.813681
0.631579,3,245.816617
0.631579,3,245.819529
0.631579,3,245.822446
0.907895,4,245.826419
0.631579,3,245.829414
0.631579,3,245.832373
0.631579,3,245.835287
0.631579,3,245.838222
0.631579,3,245.841119
0.631579,3,245.844003
0.631579,3,245.846878
0.631579,3,245.849767
0.631579,3,245.85273
0.631579,3,245.855691
0.631579,3,245.858592
0.276316,2,245.860532
0.631579,3,245.863446
0.631579,3,245.866337
0.631579,3,253.556567
0.631579,3,253.562042
0.631579,3,253.567183
0.631579,3,253.571518
0.631579,3,253.575602
0.631579,3,253.581747
0.631579,3,253.586355
0.631579,3,253.589965
0.631579,3,253.594957
0.631579,3,253.599715
0.631579,3,253.604167
0.907895,4,253.60956
0.631579,3,253.613603
0.631579,3,253.618574
0.631579,3,253.62219
0.631579,3,253.625248
0.631579,3,253.628287
0.631579,3,253.631436
0.631579,3,253.634423
0.631579,3,253.638131
0.907895,4,253.644278
0.631579,3,253.649382
0.631579,3,253.653446
0.631579,3,253.657039
0.631579,3,253.662211
0.907895,4,253.666573
0.631579,3,253.669687
0.631579,3,253.672799
0.631579,3,253.675868
0.631579,3,253.679006
0.631579,3,253.682088
0.631579,3,253.685151
0.631579,3,253.688283
0.631579,3,253.691287
0.631579,3,253.694285
0.631579,3,253.697315
0.631579,3,253.700308
0.631579,3,253.703321
0.631579,3,253.706325
0.631579,3,253.709278
0.631579,3,253.712337
0.631579,3,253.715319
0.631579,3,253.718284
0.631579,3,253.7213
0.631579,3,253.724261
0.631579,3,253.727277
0.631579,3,253.730253
0.631579,3,253.733215
0.907895,4,253.737066
0.631579,3,253.739949
0.631579,3,253.742783
0.631579,3,253.745653
0.631579,3,253.748551
0.631579,3,253.751501
0.631579,3,253.754392
0.631579,3,253.757353
0.631579,3,253.760388
0.631579,3,253.763338
0.631579,3,253.766309
0.631579,3,253.769325
0.631579,3,253.772238
0.631579,3,253.775237
0.631579,3,253.778195
0.631579,3,253.781135
0.631579,3,253.783948
0.631579,3,253.78685
0.631579,3,253.789672
0.631579,3,253.792686
0.631579,3,253.79562
0.631579,3,253.798577
0.631579,3,253.801578
0.631579,3,253.804527
0.631579,3,253.807527
0.907895,4,253.811424
0.631579,3,253.814315
0.631579,3,253.817256
0.631579,3,253.820262
0.631579,3,253.823306
0.631579,3,253.826318
0.907895,4,253.830327
0.631579,3,253.83338
0.631579,3,253.836392
0.631579,3,253.839484
0.631579,3,253.842499
1.184211,5,253.847555
0.631579,3,253.850533
0.631579,3,253.853531
0.631579,3,253.857185
0.631579,3,253.860194
0.631579,3,253.86319
0.631579,3,253.866154
0.631579,3,253.869121
0.631579,3,253.872119
0.631579,3,253.874997
0.631579,3,253.877896
0.907895,4,253.881767
0.631579,3,253.884669
0.631579,3,253.88768
0.631579,3,253.890634
0.631579,3,253.89361
0.631579,3,253.896631
0.631579,3,253.899598
0.631579,3,253.902566
0.631579,3,253.905584
0.631579,3,253.908548
0.631579,3,253.911582
0.631579,3,253.914591
0.631579,3,253.917591
0.907895,4,253.921483
0.631579,3,253.924386
0.907895,4,253.92826
0.631579,3,253.931093
0.631579,3,253.93403
0.907895,4,253.938022
0.631579,3,253.940981
0.631579,3,253.943974
0.631579,3,253.946948
0.631579,3,253.949906
0.907895,4,253.953961
0.631579,3,253.956975
0.631579,3,253.96
0.631579,3,253.962976
0.631579,3,253.965928
0.907895,4,253.96993
0.631579,3,253.972878
0.631579,3,253.975855
0.631579,3,253.978769
0.631579,3,253.98163
0.631579,3,253.984501
0.631579,3,253.987324
0.631579,3,253.99023
0.631579,3,253.993166
0.631579,3,253.996055
0.631579,3,253.998962
0.631579,3,254.001913
0.631579,3,254.004764
0.631579,3,254.007656
0.631579,3,254.010566
0.631579,3,254.013475
0.631579,3,254.016418
0.631579,3,254.019316
0.631579,3,254.022173
0.631579,3,254.025072
0.631579,3,254.02791
0.631579,3,254.03076
0.631579,3,254.033591
0.631579,3,254.036405
0.631579,3,254.039237
0.631579,3,254.042166
0.631579,3,254.045066
0.631579,3,254.04798
0.631579,3,254.0509
0.631579,3,254.053795
0.631579,3,254.056725
0.631579,3,254.059608
0.631579,3,254.062508
0.631579,3,254.065443
0.631579,3,254.068333
0.631579,3,254.071222
0.631579,3,254.074184
0.631579,3,254.077067
0.631579,3,254.079974
0.631579,3,254.08288
0.631579,3,254.09149
0.631579,3,254.095604
0.631579,3,254.099388
0.631579,3,254.102236
0.631579,3,254.105213
0.907895,4,254.109123
0.631579,3,254.111815
0.631579,3,254.114902
0.907895,4,254.118766
0.631579,3,254.121641
0.631579,3,254.124466
0.907895,4,254.128291
0.631579,3,254.131141
0.631579,3,254.133986
0.631579,3,254.13684
0.631579,3,254.139642
0.631579,3,254.142456
0.631579,3,254.14531
0.631579,3,254.148129
0.631579,3,254.150929
0.631579,3,254.153818
0.631579,3,254.156678
0.631579,3,254.159522
0.631579,3,254.162505
1.184211,5,254.167198
0.907895,4,254.171148
0.631579,3,254.174011
0.631579,3,254.176915
0.631579,3,254.179778
0.907895,4,254.18364
0.631579,3,254.186634
0.631579,3,254.189544
0.631579,3,254.192496
0.631579,3,254.195379
0.631579,3,254.198377
0.631579,3,254.201308
0.631579,3,254.204168
0.631579,3,254.207011
0.631579,3,254.209957
0.631579,3,254.212848
0.631579,3,254.215749
0.631579,3,254.218722
0.631579,3,254.221617
0.631579,3,254.224563
0.631579,3,254.227465
0.631579,3,254.230364
0.631579,3,254.233277
0.631579,3,254.236315
0.907895,4,254.240225
0.631579,3,254.24316
0.631579,3,254.246083
0.631579,3,254.24906
0.631579,3,254.25189
0.631579,3,254.254807
0.631579,3,254.257762
0.631579,3,254.260662
0.631579,3,254.263542
0.631579,3,254.266379
0.631579,3,254.269226
0.631579,3,254.272043
0.631579,3,254.274941
0.631579,3,254.277775
0.631579,3,254.280619
0.631579,3,254.283523
0.631579,3,254.286458
0.631579,3,254.289364
0.631579,3,254.292302
0.631579,3,254.295192
0.631579,3,254.298022
0.631579,3,254.300779
0.631579,3,254.303522
0.631579,3,254.307803
0.631579,3,254.312596
0.631579,3,254.315634
0.631579,3,254.318553
1.184211,5,254.323425
0.631579,3,254.326323
0.631579,3,254.32921
0.631579,3,254.332082
0.631579,3,254.334952
0.631579,3,254.337841
0.631579,3,254.340722
0.631579,3,254.343599
0.631579,3,254.346468
0.631579,3,254.34939
0.631579,3,254.352268
0.631579,3,254.355071
0.631579,3,254.357887
0.631579,3,254.360748
0.631579,3,254.363663
0.631579,3,254.366579
0.631579,3,254.369502
0.631579,3,254.372432
0.631579,3,254.375331
0.631579,3,254.378178
0.631579,3,254.38105
0.631579,3,254.383964
0.631579,3,254.386947
0.631579,3,254.389847
0.631579,3,254.392768
0.631579,3,254.395751
0.631579,3,254.398712
0.631579,3,254.401619
0.631579,3,254.404555
0.631579,3,254.407436
0.631579,3,254.410375
0.631579,3,254.41328
0.631579,3,254.416231
0.631579,3,254.419042
0.631579,3,254.421985
0.631579,3,254.424904
0.631579,3,254.42785
0.631579,3,254.430721
0.631579,3,254.433635
0.631579,3,254.436562
0.631579,3,254.43944
0.631579,3,254.442273
0.631579,3,254.445122
0.631579,3,254.447949
0.631579,3,254.450874
0.631579,3,254.45376
0.631579,3,254.456661
0.631579,3,254.45955
0.631579,3,254.462446
0.631579,3,254.465402
0.631579,3,254.468311
0.631579,3,254.471101
0.907895,4,254.474912
0.631579,3,254.477794
0.631579,3,254.480658
0.907895,4,254.484571
0.631579,3,254.487417
0.631579,3,254.490299
0.631579,3,254.493208
0.631579,3,254.496103
0.907895,4,254.499967
0.631579,3,254.502866
0.631579,3,254.505706
0.907895,4,254.50949
0.631579,3,254.512413
0.631579,3,254.515322
0.631579,3,254.518267
0.631579,3,254.521138
0.907895,4,254.524856
0.631579,3,254.527588
0.907895,4,254.531457
0.631579,3,254.534339
0.631579,3,254.537266
0.631579,3,254.540171
0.631579,3,254.542981
0.907895,4,254.546759
0.631579,3,254.549776
0.631579,3,254.552664
0.631579,3,254.555573
0.631579,3,254.558536
0.631579,3,254.56151
0.631579,3,254.564576
0.631579,3,254.567548
0.631579,3,254.570532
0.631579,3,254.573464
0.631579,3,254.576461
0.631579,3,254.579303
0.631579,3,254.582184
0.631579,3,254.585055
0.631579,3,254.58842
0.631579,3,254.591728
0.631579,3,254.594861
0.631579,3,254.597995
0.631579,3,254.60125
0.907895,4,254.60574
0.907895,4,254.609928
0.631579,3,254.613175
0.631579,3,254.616419
0.631579,3,254.61965
0.631579,3,254.622851
0.631579,3,254.626065
0.631579,3,254.630436
0.631579,3,254.634898
0.631579,3,254.639018
0.907895,4,254.643493
0.631579,3,254.64652
0.631579,3,254.649547
0.631579,3,254.652579
0.631579,3,254.655557
0.631579,3,254.658457
0.631579,3,254.6614
0.907895,4,254.665284
0.631579,3,254.668141
0.631579,3,254.671034
0.631579,3,254.673959
0.631579,3,254.676904
0.631579,3,254.679808
0.631579,3,254.682751
0.631579,3,254.685649
0.631579,3,254.688566
0.631579,3,254.691504
0.631579,3,254.694475
0.631579,3,254.697483
0.631579,3,254.700465
0.631579,3,254.70333
0.631579,3,254.706161
0.631579,3,254.708988
0.631579,3,254.711712
0.631579,3,254.714548
0.631579,3,254.71747
0.907895,4,254.721263
0.631579,3,254.72414
0.631579,3,254.727
0.631579,3,254.729936
0.631579,3,254.732831
0.631579,3,254.73558
0.631579,3,254.73844
0.631579,3,254.741223
0.631579,3,254.743997
0.631579,3,254.746942
0.631579,3,254.749869
0.631579,3,254.752789
0.631579,3,254.755645
0.631579,3,254.758541
0.631579,3,254.76144
0.907895,4,254.765386
0.631579,3,254.768283
0.631579,3,254.771142
0.631579,3,254.774004
0.907895,4,254.777658
0.631579,3,254.780409
0.631579,3,254.783124
0.631579,3,254.785941
0.631579,3,254.788783
0.631579,3,254.791568
0.631579,3,254.794367
0.907895,4,254.798123
0.631579,3,254.800901
0.631579,3,254.803708
0.631579,3,254.806517
0.631579,3,254.809313
0.631579,3,254.812132
0.631579,3,254.814915
0.631579,3,254.8177
0.631579,3,254.820486
0.907895,4,254.824167
0.631579,3,254.826931
0.631579,3,254.829701
0.631579,3,254.832489
0.631579,3,254.835258
0.631579,3,254.838031
0.631579,3,254.840789
0.631579,3,254.843563
0.631579,3,254.846354
0.631579,3,254.849214
0.631579,3,254.852017
0.631579,3,254.854897
0.631579,3,254.857747
0.631579,3,254.860621
0.631579,3,254.863455
0.631579,3,254.866385
0.907895,4,254.870233
0.631579,3,254.873125
0.631579,3,254.876011
0.631579,3,254.878906
0.631579,3,254.881986
0.631579,3,254.884932
0.631579,3,254.887886
0.631579,3,254.890792
0.907895,4,254.894525
0.631579,3,254.897345
0.631579,3,254.900256
0.631579,3,254.903141
0.631579,3,254.906029
0.631579,3,254.90894
0.631579,3,254.911847
0.631579,3,254.91481
0.631579,3,254.917731
0.631579,3,254.920665
0.631579,3,254.923571
0.631579,3,254.926449
0.631579,3,254.929336
0.631579,3,254.932225
0.631579,3,254.935091
0.631579,3,254.937964
0.631579,3,254.940831
0.631579,3,254.943733
0.631579,3,254.946606
0.631579,3,254.949561
0.631579,3,254.952496
0.631579,3,254.955416
0.631579,3,254.958365
0.631579,3,254.961339
0.631579,3,254.9643
0.631579,3,254.967174
0.631579,3,254.970039
0.907895,4,254.973925
0.631579,3,254.976812
0.631579,3,254.979762
0.631579,3,254.98273
0.631579,3,254.985665
0.631579,3,254.988619
0.631579,3,254.991545
0.631579,3,254.994478
0.631579,3,254.997418
0.631579,3,255.000227
0.631579,3,255.003034
0.631579,3,255.005838
0.631579,3,255.008713
0.631579,3,255.011511
0.907895,4,255.015383
0.631579,3,255.018293
0.631579,3,255.021209
0.631579,3,255.02413
0.631579,3,255.027064
0.631579,3,255.029968
0.631579,3,255.032894
0.631579,3,255.035815
0.631579,3,255.038681
0.907895,4,255.04249
0.631579,3,255.045357
0.907895,4,255.049232
0.631579,3,255.051975
0.631579,3,255.054843
0.631579,3,255.057705
0.631579,3,255.060575
0.631579,3,255.063427
0.631579,3,255.066336
0.631579,3,255.069225
0.631579,3,255.072082
0.631579,3,255.074953
0.907895,4,255.078853
0.631579,3,255.081757
0.631579,3,255.084641
0.631579,3,255.087776
0.907895,4,255.091579
0.631579,3,255.094474
0.631579,3,255.097455
0.631579,3,255.100393
0.631579,3,255.103352
0.631579,3,255.106308
0.907895,4,255.110034
0.631579,3,255.112898
1.184211,5,255.117614
0.631579,3,255.120453
0.631579,3,255.123262
0.631579,3,255.126117
0.631579,3,255.129088
0.631579,3,255.131966
0.631579,3,255.134854
0.631579,3,255.137745
0.631579,3,255.140506
0.631579,3,255.143311
0.631579,3,255.146079
0.631579,3,255.148914
0.631579,3,255.151719
0.631579,3,255.154477
0.631579,3,255.157273
0.631579,3,255.1601
0.631579,3,255.162915
0.631579,3,255.165856
0.631579,3,255.168749
0.631579,3,255.17163
0.631579,3,255.174469
0.631579,3,255.17737
0.631579,3,255.180246
0.631579,3,255.183178
0.907895,4,255.187156
0.631579,3,255.190081
0.631579,3,255.193593
0.631579,3,255.198426
0.631579,3,255.202353
0.631579,3,255.206245
0.907895,4,255.210092
0.631579,3,255.21296
0.631579,3,255.215818
0.631579,3,255.218628
0.631579,3,255.221457
0.631579,3,255.224316
0.631579,3,255.227129
0.631579,3,255.230009
0.631579,3,255.232894
0.631579,3,255.235835
0.907895,4,255.239679
0.631579,3,255.242552
0.631579,3,255.245423
0.631579,3,255.248355
0.631579,3,255.251298
0.631579,3,255.25426
0.631579,3,255.257211
0.631579,3,255.260165
0.631579,3,255.263192
0.907895,4,255.267055
0.631579,3,255.269986
0.631579,3,255.272894
0.631579,3,255.275789
0.631579,3,255.278689
0.631579,3,255.281479
0.631579,3,255.284255
0.631579,3,255.287061
0.631579,3,255.290009
0.631579,3,255.292916
0.631579,3,255.295778
0.631579,3,255.29867
0.631579,3,255.301597
0.631579,3,255.304582
0.631579,3,255.307479
0.631579,3,255.310443
0.631579,3,255.319117
0.631579,3,255.324267
0.631579,3,255.329089
0.631579,3,255.332492
0.907895,4,255.336465
0.631579,3,255.33924
0.631579,3,255.341955
0.631579,3,255.344637
0.631579,3,255.347321
0.631579,3,255.352102
0.631579,3,255.356866
0.631579,3,255.359738
0.631579,3,255.362596
0.631579,3,255.36548
0.907895,4,255.369375
0.631579,3,255.372251
0.631579,3,255.375177
0.631579,3,255.378088
0.631579,3,255.380995
0.631579,3,255.383895
0.907895,4,255.387898
0.631579,3,255.390738
0.631579,3,255.393666
0.631579,3,255.396657
0.631579,3,255.399613
0.631579,3,255.402592
0.631579,3,255.405529
0.631579,3,255.408469
0.631579,3,255.411324
0.907895,4,255.41526
0.631579,3,255.418159
0.631579,3,255.421002
0.631579,3,255.423906
0.631579,3,255.426769
0.907895,4,255.430583
0.631579,3,255.433489
0.631579,3,255.436433
0.631579,3,255.439357
0.631579,3,255.442275
0.631579,3,255.445179
0.631579,3,255.448042
0.631579,3,255.450888
0.631579,3,255.453729
0.631579,3,255.456586
0.631579,3,255.459432
0.631579,3,255.46241
0.907895,4,255.466187
0.631579,3,255.469028
0.631579,3,255.471978
0.631579,3,255.474926
0.631579,3,255.477861
0.631579,3,255.480787
0.631579,3,255.483713
0.631579,3,255.48665
0.631579,3,255.489627
0.631579,3,255.492595
0.631579,3,255.495546
1.184211,5,255.500441
0.631579,3,255.503368
0.631579,3,255.506326
0.631579,3,255.509317
0.631579,3,255.512265
0.631579,3,255.515212
0.631579,3,255.518138
0.631579,3,255.521066
0.631579,3,255.523972
0.631579,3,255.526929
0.631579,3,255.52985
0.631579,3,255.532744
0.631579,3,255.535695
0.631579,3,255.538649
0.631579,3,255.541551
0.631579,3,255.544442
0.631579,3,255.547344
0.631579,3,255.550329
0.631579,3,255.553241
0.907895,4,255.556959
0.631579,3,255.559809
0.631579,3,255.562629
0.631579,3,255.565471
0.631579,3,255.568326
0.631579,3,255.571179
0.631579,3,255.574057
0.631579,3,255.576904
0.631579,3,255.579827
0.631579,3,255.582775
0.631579,3,255.585706
0.631579,3,255.588776
0.631579,3,255.591791
0.631579,3,255.594796
0.907895,4,255.59883
0.631579,3,255.60179
0.631579,3,255.60473
0.631579,3,255.607693
0.631579,3,255.610681
0.552632,3,263.302132
0.631579,3,263.306587
0.631579,3,263.31075
0.631579,3,263.315868
0.552632,3,263.320976
0.552632,3,263.3249
0.907895,4,263.329896
0.552632,3,263.332939
0.631579,3,263.336635
0.631579,3,263.340687
0.907895,4,263.346197
0.631579,3,263.350461
0.631579,3,263.35594
0.631579,3,263.362353
0.631579,3,263.368001
0.631579,3,263.371075
0.631579,3,263.374195
0.631579,3,263.377279
0.631579,3,263.38019
0.631579,3,263.383208
0.631579,3,263.386404
0.631579,3,263.392074
0.907895,4,263.397146
0.631579,3,263.400268
0.631579,3,263.403288
0.631579,3,263.407068
0.552632,3,263.4118
0.907895,4,263.417372
0.631579,3,263.420438
0.631579,3,263.42343
0.631579,3,263.426484
0.631579,3,263.429476
0.631579,3,263.432458
0.631579,3,263.435501
0.907895,4,263.439458
0.631579,3,263.442478
0.631579,3,263.445336
0.552632,3,263.448284
0.631579,3,263.451206
0.631579,3,263.454094
0.631579,3,263.457029
0.631579,3,263.459998
0.828947,4,263.463976
0.907895,4,263.467901
0.631579,3,263.470933
0.631579,3,263.47391
0.631579,3,263.476947
0.631579,3,263.479937
0.631579,3,263.482932
0.631579,3,263.485842
0.631579,3,263.48877
0.631579,3,263.49158
0.631579,3,263.49448
0.631579,3,263.497386
0.552632,3,263.500335
0.552632,3,263.503352
0.631579,3,263.506283
0.631579,3,263.509187
0.631579,3,263.512519
0.552632,3,263.517178
0.631579,3,263.521132
0.631579,3,263.525117
0.631579,3,263.528093
0.631579,3,263.530912
0.552632,3,263.533742
0.907895,4,263.537612
1.184211,5,263.542422
0.631579,3,263.54545
0.631579,3,263.548461
0.631579,3,263.551506
0.631579,3,263.554374
0.907895,4,263.558139
0.631579,3,263.561025
0.631579,3,263.563899
0.631579,3,263.566769
0.631579,3,263.569699
0.828947,4,263.573507
0.631579,3,263.576359
0.631579,3,263.579152
0.552632,3,263.581931
0.631579,3,263.584879
0.631579,3,263.587741
0.631579,3,263.590633
0.631579,3,263.593524
0.631579,3,263.596414
0.631579,3,263.599267
0.631579,3,263.602231
0.631579,3,263.60521
0.907895,4,263.608984
0.631579,3,263.611835
0.631579,3,263.614695
0.631579,3,263.617606
0.631579,3,263.620502
0.631579,3,263.623403
0.631579,3,263.626292
0.631579,3,263.629171
0.631579,3,263.632073
0.552632,3,263.635006
0.631579,3,263.637946
0.631579,3,263.640958
0.631579,3,263.643919
0.907895,4,263.647881
0.631579,3,263.650865
0.631579,3,263.653761
0.631579,3,263.656667
1.184211,5,263.661544
0.631579,3,263.664551
0.552632,3,263.667524
0.907895,4,263.671544
0.631579,3,263.674533
0.907895,4,263.678559
0.552632,3,263.681485
0.631579,3,263.684337
0.631579,3,263.687195
0.631579,3,263.690074
0.631579,3,263.692907
0.907895,4,263.696644
0.631579,3,263.699502
0.631579,3,263.702397
0.907895,4,263.706209
0.631579,3,263.709065
0.631579,3,263.711898
0.631579,3,263.714707
0.552632,3,263.717561
0.631579,3,263.720418
0.631579,3,263.723272
0.552632,3,263.726138
0.631579,3,263.728999
0.631579,3,263.73178
0.631579,3,263.734632
0.631579,3,263.73751
0.631579,3,263.74037
0.552632,3,263.743236
0.631579,3,263.746094
0.631579,3,263.748944
0.552632,3,263.751798
0.631579,3,263.754662
0.631579,3,263.757533
0.631579,3,263.760444
0.631579,3,263.763309
0.631579,3,263.766175
0.631579,3,263.769049
0.552632,3,263.771908
0.631579,3,263.774784
0.631579,3,263.777651
0.552632,3,263.780524
0.631579,3,263.783397
0.552632,3,263.786273
0.631579,3,263.789124
0.631579,3,263.791979
0.631579,3,263.797039
0.631579,3,263.801147
0.631579,3,263.805131
0.631579,3,263.808326
0.631579,3,263.811239
0.631579,3,263.814109
0.631579,3,263.817
0.631579,3,263.819875
0.907895,4,263.823607
0.631579,3,263.826513
0.828947,4,263.830193
0.828947,4,263.83392
0.828947,4,263.837685
0.631579,3,263.840547
0.631579,3,263.843409
0.631579,3,263.846328
0.552632,3,263.849262
0.631579,3,263.852209
0.631579,3,263.855126
0.631579,3,263.86045
0.631579,3,263.865115
0.828947,4,263.87009
0.631579,3,263.87391
0.552632,3,263.876847
0.552632,3,263.879733
0.631579,3,263.882638
0.631579,3,263.885535
0.631579,3,263.888429
0.631579,3,263.891316
0.631579,3,263.894206
0.552632,3,263.897091
0.631579,3,263.899969
0.631579,3,263.902873
0.631579,3,263.9073
0.631579,3,263.911518
0.631579,3,263.91561
0.631579,3,263.918714
0.631579,3,263.921726
0.631579,3,263.924686
0.631579,3,263.927587
0.907895,4,263.93151
0.631579,3,263.934357
0.631579,3,263.937244
0.552632,3,263.94018
0.631579,3,263.943029
0.631579,3,263.945927
0.631579,3,263.948856
0.631579,3,263.951836
0.631579,3,263.954878
0.631579,3,263.957795
0.631579,3,263.960705
0.631579,3,263.963558
0.631579,3,263.966474
0.631579,3,263.969424
0.631579,3,263.972275
0.631579,3,263.975145
0.552632,3,263.977998
0.631579,3,263.980793
0.631579,3,263.983602
0.631579,3,263.986407
0.631579,3,263.989254
0.631579,3,263.992126
0.631579,3,263.994937
0.907895,4,263.998529
0.631579,3,264.001333
0.631579,3,264.004142
0.631579,3,264.006937
0.552632,3,264.009713
0.552632,3,264.012498
0.631579,3,264.015328
0.552632,3,264.018138
0.828947,4,264.021878
0.631579,3,264.024662
0.631579,3,264.027476
0.631579,3,264.030267
0.631579,3,264.033034
0.631579,3,264.035811
0.631579,3,264.038611
0.552632,3,264.04141
0.631579,3,264.044224
0.631579,3,264.046982
0.907895,4,264.050576
0.631579,3,264.053315
0.552632,3,264.056041
0.631579,3,264.058858
0.631579,3,264.061697
0.631579,3,264.064525
0.631579,3,264.067335
0.631579,3,264.070185
0.907895,4,264.073949
0.631579,3,264.076737
0.631579,3,264.079514
0.631579,3,264.082317
0.631579,3,264.085072
0.631579,3,264.087813
0.631579,3,264.090571
0.552632,3,264.093358
0.631579,3,264.096121
0.631579,3,264.098882
0.552632,3,264.101645
0.907895,4,264.105365
0.631579,3,264.108127
0.907895,4,264.111804
0.552632,3,264.114605
0.552632,3,264.117411
0.631579,3,264.120221
0.631579,3,264.123033
0.631579,3,264.125886
0.631579,3,264.128745
0.631579,3,264.131553
0.552632,3,264.13438
0.552632,3,264.137189
0.631579,3,264.139981
0.631579,3,264.142746
0.631579,3,264.145541
0.631579,3,264.148211
0.631579,3,264.150893
0.631579,3,264.153598
0.631579,3,264.156425
0.631579,3,264.159239
0.552632,3,264.161933
0.631579,3,264.164616
0.631579,3,264.167296
0.631579,3,264.170001
0.631579,3,264.17276
0.631579,3,264.175449
0.552632,3,264.178136
0.552632,3,264.180849
0.631579,3,264.183647
0.552632,3,264.186457
0.907895,4,264.190304
0.631579,3,264.193121
0.552632,3,264.195872
0.631579,3,264.198689
0.631579,3,264.201534
0.631579,3,264.20437
0.631579,3,264.207294
0.552632,3,264.210161
0.631579,3,264.213027
0.631579,3,264.215871
0.631579,3,264.218717
0.631579,3,264.221704
0.631579,3,264.224529
0.631579,3,264.227421
0.631579,3,264.23033
0.631579,3,264.233182
0.631579,3,264.235999
0.631579,3,264.23886
0.631579,3,264.241716
0.631579,3,264.244606
0.631579,3,264.247504
0.631579,3,264.250467
0.552632,3,264.253362
0.552632,3,264.256355
0.631579,3,264.259238
0.631579,3,264.262064
0.631579,3,264.264973
0.631579,3,264.272963
0.631579,3,264.275839
0.631579,3,264.279266
0.552632,3,264.282292
0.828947,4,264.286203
0.552632,3,264.289854
0.631579,3,264.292737
0.631579,3,264.295624
0.631579,3,264.298525
0.631579,3,264.301493
0.552632,3,264.304465
0.631579,3,264.307553
0.631579,3,264.31048
0.907895,4,264.314378
0.631579,3,264.317292
0.552632,3,264.320156
0.631579,3,264.323041
0.631579,3,264.325894
0.552632,3,264.328715
0.552632,3,264.33166
0.631579,3,264.334607
0.631579,3,264.337567
0.631579,3,264.340546
0.631579,3,264.343435
0.631579,3,264.346319
0.631579,3,264.349319
0.631579,3,264.352183
0.552632,3,264.355081
0.907895,4,264.358772
0.631579,3,264.361559
0.631579,3,264.364348
0.552632,3,264.36711
0.631579,3,264.369889
0.631579,3,264.372753
0.631579,3,264.375444
0.631579,3,264.378084
0.631579,3,264.380748
0.631579,3,264.383407
0.631579,3,264.386165
0.552632,3,264.388999
0.631579,3,264.391813
0.631579,3,264.394684
0.631579,3,264.397591
0.828947,4,264.401459
0.631579,3,264.404413
0.631579,3,264.407357
0.631579,3,264.410281
0.631579,3,264.413214
0.631579,3,264.416157
0.631579,3,264.419005
0.631579,3,264.421924
0.828947,4,264.425801
0.631579,3,264.428678
0.631579,3,264.431618
0.631579,3,264.434563
0.631579,3,264.437562
0.631579,3,264.440639
0.907895,4,264.444627
0.631579,3,264.44749
0.552632,3,264.450371
0.631579,3,264.453273
0.552632,3,264.456239
0.631579,3,264.45904
0.552632,3,264.461859
0.631579,3,264.464721
0.631579,3,264.467587
0.552632,3,264.470549
0.631579,3,264.473569
0.631579,3,264.476519
0.907895,4,264.480383
0.631579,3,264.483304
0.631579,3,264.486265
0.631579,3,264.489251
0.631579,3,264.492137
0.631579,3,264.494957
0.631579,3,264.497779
0.631579,3,264.500685
0.631579,3,264.503629
0.631579,3,264.507936
0.552632,3,264.512711
0.552632,3,264.515661
0.631579,3,264.518631
0.552632,3,264.521584
0.907895,4,264.525476
0.631579,3,264.528377
0.631579,3,264.531284
0.631579,3,264.534194
0.631579,3,264.53711
0.631579,3,264.540019
0.907895,4,264.543901
0.907895,4,264.547747
0.631579,3,264.550648
0.631579,3,264.553513
0.631579,3,264.55639
0.631579,3,264.559235
0.631579,3,264.56214
0.552632,3,264.565073
0.631579,3,264.567955
0.631579,3,264.570787
0.631579,3,264.573635
0.907895,4,264.577442
0.631579,3,264.580325
0.552632,3,264.583121
0.631579,3,264.585932
0.631579,3,264.588816
0.907895,4,264.592662
0.552632,3,264.595564
0.631579,3,264.598491
0.631579,3,264.601406
0.631579,3,264.604365
0.631579,3,264.607281
0.631579,3,264.610154
0.631579,3,264.613034
0.631579,3,264.615914
0.552632,3,264.618738
0.631579,3,264.621582
1.184211,5,264.626381
0.631579,3,264.629369
0.631579,3,264.632298
0.631579,3,264.635185
0.631579,3,264.638062
0.552632,3,264.640921
0.631579,3,264.643784
0.631579,3,264.646654
0.631579,3,264.649528
0.552632,3,264.652455
0.631579,3,264.655362
0.907895,4,264.659267
0.552632,3,264.662164
0.631579,3,264.665078
0.552632,3,264.667919
0.552632,3,264.670697
0.631579,3,264.673532
0.631579,3,264.676404
0.907895,4,264.680247
0.631579,3,264.683154
0.631579,3,264.686046
0.631579,3,264.688928
0.631579,3,264.691803
0.631579,3,264.694565
0.631579,3,264.697283
0.631579,3,264.700051
0.631579,3,264.702829
0.631579,3,264.705599
0.631579,3,264.708455
0.631579,3,264.711282
0.631579,3,264.714103
0.631579,3,264.71694
0.552632,3,264.719779
0.631579,3,264.722612
0.631579,3,264.725478
0.631579,3,264.72834
0.907895,4,264.732184
0.907895,4,264.735964
0.552632,3,264.738845
1.184211,5,264.743724
0.631579,3,264.746629
0.631579,3,264.749519
0.907895,4,264.753317
0.631579,3,264.756185
0.552632,3,264.75903
0.631579,3,264.761877
0.631579,3,264.764734
0.631579,3,264.767565
0.631579,3,264.770432
0.631579,3,264.773288
0.631579,3,264.77616
0.631579,3,264.779016
0.631579,3,264.78193
0.631579,3,264.784748
0.552632,3,264.787888
0.631579,3,264.794164
0.631579,3,264.799502
0.631579,3,264.802299
0.631579,3,264.804969
0.631579,3,264.807975
0.631579,3,264.810724
0.631579,3,264.813576
0.631579,3,264.816436
0.552632,3,264.819232
0.631579,3,264.822015
0.631579,3,264.824751
0.631579,3,264.827484
0.631579,3,264.830239
0.552632,3,264.832988
0.631579,3,264.835731
0.907895,4,264.839399
0.631579,3,264.842115
0.631579,3,264.845001
0.631579,3,264.847915
0.631579,3,264.850712
0.631579,3,264.853512
0.631579,3,264.856271
0.631579,3,264.859095
0.631579,3,264.861832
0.631579,3,264.864527
0.631579,3,264.867295
0.907895,4,264.87095
0.631579,3,264.873756
0.552632,3,264.876586
0.631579,3,264.879427
0.631579,3,264.882212
0.631579,3,264.885077
0.631579,3,264.887836
0.631579,3,264.890619
0.631579,3,264.89339
0.552632,3,264.89627
0.631579,3,264.899012
0.552632,3,264.901772
0.552632,3,264.904574
0.631579,3,264.907321
0.631579,3,264.9101
0.631579,3,264.912863
0.631579,3,264.915623
0.631579,3,264.918405
0.907895,4,264.922084
0.631579,3,264.924993
0.631579,3,264.92787
0.631579,3,264.93077
0.631579,3,264.933645
0.631579,3,264.936566
0.552632,3,264.939469
0.631579,3,264.942383
0.631579,3,264.9453
0.552632,3,264.948203
0.631579,3,264.951111
0.552632,3,264.953914
0.631579,3,264.956701
0.631579,3,264.959461
0.552632,3,264.962297
1.184211,5,264.967142
0.631579,3,264.97005
0.631579,3,264.972928
0.631579,3,264.975794
0.907895,4,264.979469
0.552632,3,264.982296
0.631579,3,264.985131
0.907895,4,264.988938
0.631579,3,264.991752
0.631579,3,264.994553
0.552632,3,264.997387
0.631579,3,265.000455
0.552632,3,265.003426
0.552632,3,265.006438
0.552632,3,265.009401
0.631579,3,265.012358
0.631579,3,265.015264
0.631579,3,265.018183
0.631579,3,265.021095
0.631579,3,265.023887
0.631579,3,265.026715
0.631579,3,265.029543
0.631579,3,265.032356
0.631579,3,265.035164
0.631579,3,265.037969
0.631579,3,265.0409
0.552632,3,265.043663
0.552632,3,265.046499
0.631579,3,265.049347
0.631579,3,265.052164
0.907895,4,265.055887
0.552632,3,265.058722
0.552632,3,265.061571
0.631579,3,265.064387
1.184211,5,265.069073
0.631579,3,265.071884
0.552632,3,265.074731
0.552632,3,265.077643
0.631579,3,265.080436
0.631579,3,265.083243
0.631579,3,265.086043
0.907895,4,265.089837
0.631579,3,265.092676
0.631579,3,265.095556
0.631579,3,265.098343
0.631579,3,265.101147
0.631579,3,265.103948
0.552632,3,265.106663
0.552632,3,265.109547
0.631579,3,265.112438
0.552632,3,265.115381
0.631579,3,265.118286
0.631579,3,265.121166
0.631579,3,265.124005
0.631579,3,265.126825
0.631579,3,265.129699
0.631579,3,265.132592
0.631579,3,265.135477
0.552632,3,265.138371
0.631579,3,265.141283
0.631579,3,265.144165
0.631579,3,265.146984
0.631579,3,265.149919
0.552632,3,265.152803
0.631579,3,265.155689
0.631579,3,265.158587
0.631579,3,265.161456
0.631579,3,265.164341
0.631579,3,265.167164
0.631579,3,265.170076
0.907895,4,265.17392
0.631579,3,265.176782
0.631579,3,265.179648
0.631579,3,265.18253
0.552632,3,265.185411
0.631579,3,265.188314
0.631579,3,265.191175
0.552632,3,265.194047
0.552632,3,265.196913
0.631579,3,265.19976
0.631579,3,265.202641
0.552632,3,265.205567
0.552632,3,265.208456
0.631579,3,265.211335
0.631579,3,265.214186
0.631579,3,265.217054
0.631579,3,265.219973
0.907895,4,265.223853
0.631579,3,265.226711
0.631579,3,265.229594
0.631579,3,265.232472
0.631579,3,265.235314
0.631579,3,265.238235
0.631579,3,265.241157
0.631579,3,265.244062
0.631579,3,265.246963
0.631579,3,265.249876
0.552632,3,265.252784
0.552632,3,265.255648
0.631579,3,265.258582
0.631579,3,265.261528
0.631579,3,265.264444
0.907895,4,265.268275
0.631579,3,265.271149
0.631579,3,265.274009
0.552632,3,265.276942
0.631579,3,265.279971
0.631579,3,265.282955
0.631579,3,265.286661
0.631579,3,265.289663
0.631579,3,265.293401
0.631579,3,265.29715
0.631579,3,265.299985
0.631579,3,265.302817
0.631579,3,265.305781
0.631579,3,265.308722
0.631579,3,265.311666
0.631579,3,265.314554
0.631579,3,265.317402
0.907895,4,265.321247
0.552632,3,265.323972
0.552632,3,265.326883
0.631579,3,265.329718
0.631579,3,273.041894
0.631579,3,273.048198
0.631579,3,273.052586
0.631579,3,273.055644
0.631579,3,273.058775
0.631579,3,273.061879
0.631579,3,273.064962
0.631579,3,273.068083
0.631579,3,273.071094
0.631579,3,273.074114
0.631579,3,273.077245
0.631579,3,273.080171
0.631579,3,273.083222
0.631579,3,273.086285
0.631579,3,273.089518
0.631579,3,273.092685
0.631579,3,273.095826
0.631579,3,273.099048
0.631579,3,273.103178
0.631579,3,273.108163
0.631579,3,273.112717
1.184211,5,273.120568
1.184211,5,273.126784
0.631579,3,273.129862
0.631579,3,273.132941
0.631579,3,273.135925
0.631579,3,273.138897
1.184211,5,273.143714
0.631579,3,273.146693
0.631579,3,273.149703
0.631579,3,273.152713
0.631579,3,273.155796
0.631579,3,273.158881
0.631579,3,273.163261
0.552632,3,273.167496
0.907895,4,273.173257
0.631579,3,273.176502
0.631579,3,273.179603
0.631579,3,273.182751
0.907895,4,273.188074
0.631579,3,273.191978
0.631579,3,273.1961
0.631579,3,273.199676
0.631579,3,273.202831
0.631579,3,273.205876
0.631579,3,273.208842
0.631579,3,273.211735
0.631579,3,273.214756
0.631579,3,273.217796
0.631579,3,273.226309
0.631579,3,273.232168
0.631579,3,273.23684
0.631579,3,273.240969
0.631579,3,273.244407
0.631579,3,273.248336
0.631579,3,273.251464
0.828947,4,273.255447
0.907895,4,273.259317
0.631579,3,273.262452
0.631579,3,273.265541
0.631579,3,273.268624
0.631579,3,273.271706
0.631579,3,273.27484
0.631579,3,273.277896
0.907895,4,273.281919
0.631579,3,273.28497
0.631579,3,273.288038
0.631579,3,273.291855
0.631579,3,273.294967
0.631579,3,273.298089
0.907895,4,273.303695
0.907895,4,273.308289
0.631579,3,273.311219
0.631579,3,273.314097
0.631579,3,273.316949
0.631579,3,273.319847
0.631579,3,273.322929
0.631579,3,273.325974
0.631579,3,273.328993
0.907895,4,273.332998
0.631579,3,273.335903
0.907895,4,273.339882
0.631579,3,273.342886
0.631579,3,273.345949
0.907895,4,273.349944
0.631579,3,273.352983
0.631579,3,273.356078
0.552632,3,273.359133
0.631579,3,273.362218
0.631579,3,273.36527
0.631579,3,273.368314
0.552632,3,273.371398
0.631579,3,273.374514
0.631579,3,273.377554
0.631579,3,273.380635
0.631579,3,273.383683
0.631579,3,273.386709
0.631579,3,273.389742
0.631579,3,273.392713
0.631579,3,273.395833
0.631579,3,273.39899
0.631579,3,273.402091
0.631579,3,273.405037
0.631579,3,273.407974
0.631579,3,273.41097
0.631579,3,273.41392
0.631579,3,273.416761
0.631579,3,273.419672
0.631579,3,273.422575
0.631579,3,273.425482
0.631579,3,273.430369
0.631579,3,273.434042
0.631579,3,273.436898
0.631579,3,273.439734
0.631579,3,273.442686
0.631579,3,273.445598
0.631579,3,273.448622
0.631579,3,273.451674
0.631579,3,273.454708
0.631579,3,273.457757
0.631579,3,273.46085
0.631579,3,273.463894
0.631579,3,273.466865
0.631579,3,273.470201
0.631579,3,273.473596
0.631579,3,273.476701
0.907895,4,273.48108
0.631579,3,273.483984
0.631579,3,273.486755
0.631579,3,273.489505
0.907895,4,273.493224
0.631579,3,273.496318
0.907895,4,273.500031
0.631579,3,273.502781
0.631579,3,273.505518
0.631579,3,273.508344
0.631579,3,273.511179
0.631579,3,273.51398
0.631579,3,273.51677
0.907895,4,273.520512
0.907895,4,273.524217
0.631579,3,273.526989
0.631579,3,273.529811
0.631579,3,273.532598
0.631579,3,273.535366
0.631579,3,273.538168
0.631579,3,273.540967
0.631579,3,273.54369
0.631579,3,273.546494
0.631579,3,273.549301
0.907895,4,273.553104
0.631579,3,273.555885
0.631579,3,273.558682
0.631579,3,273.561458
0.631579,3,273.564304
0.631579,3,273.567092
0.631579,3,273.569891
0.631579,3,273.572687
0.631579,3,273.575475
0.631579,3,273.578284
0.631579,3,273.581071
0.631579,3,273.583842
0.631579,3,273.5866
0.631579,3,273.589406
0.631579,3,273.592219
0.631579,3,273.59502
0.631579,3,273.597838
0.631579,3,273.600633
1.184211,5,273.606701
0.631579,3,273.611034
0.631579,3,273.615064
0.631579,3,273.618467
0.631579,3,273.621438
0.631579,3,273.624411
0.631579,3,273.627293
0.552632,3,273.630398
0.631579,3,273.633381
0.631579,3,273.636375
0.631579,3,273.639326
0.631579,3,273.643773
0.631579,3,273.649024
0.631579,3,273.652391
0.631579,3,273.655271
0.631579,3,273.658186
0.552632,3,273.661035
0.631579,3,273.663901
0.631579,3,273.666791
0.631579,3,273.669682
0.631579,3,273.67258
0.631579,3,273.675462
0.631579,3,273.678354
0.552632,3,273.681255
0.552632,3,273.684144
0.631579,3,273.687006
0.631579,3,273.689862
0.631579,3,273.692718
0.631579,3,273.695673
0.631579,3,273.698583
0.631579,3,273.701537
0.631579,3,273.704475
0.631579,3,273.707429
0.631579,3,273.710337
0.631579,3,273.713225
0.631579,3,273.716099
0.631579,3,273.718963
0.631579,3,273.721842
0.631579,3,273.72461
0.631579,3,273.727438
0.631579,3,273.730351
0.631579,3,273.73324
0.631579,3,273.736153
0.907895,4,273.739977
0.631579,3,273.742873
0.631579,3,273.745758
0.828947,4,273.749624
0.631579,3,273.752523
0.631579,3,273.755388
0.631579,3,273.758266
0.631579,3,273.76116
0.631579,3,273.764031
1.184211,5,273.768806
0.631579,3,273.771696
0.631579,3,273.774574
0.631579,3,273.777469
0.907895,4,273.781312
0.631579,3,273.784213
0.631579,3,273.787089
0.631579,3,273.790002
0.631579,3,273.792896
0.631579,3,273.795783
0.631579,3,273.798656
0.631579,3,273.801544
0.631579,3,273.804421
0.631579,3,273.807287
0.631579,3,273.810207
0.631579,3,273.813151
0.631579,3,273.816054
0.631579,3,273.818939
0.631579,3,273.821836
0.631579,3,273.824723
0.631579,3,273.827613
0.631579,3,273.83052
0.631579,3,273.833411
0.631579,3,273.836325
0.631579,3,273.839172
0.631579,3,273.842038
0.631579,3,273.84494
0.552632,3,273.847814
0.631579,3,273.850664
0.631579,3,273.853612
0.907895,4,273.857452
1.184211,5,273.862302
0.631579,3,273.8652
0.631579,3,273.868115
0.552632,3,273.871016
0.631579,3,273.873895
0.631579,3,273.876844
0.552632,3,273.879779
0.631579,3,273.882729
0.631579,3,273.885683
0.631579,3,273.888629
0.631579,3,273.891552
0.631579,3,273.894521
0.631579,3,273.897491
0.631579,3,273.900499
0.631579,3,273.903402
0.631579,3,273.906356
0.631579,3,273.909315
0.631579,3,273.912249
0.631579,3,273.915187
0.631579,3,273.918111
0.631579,3,273.920994
0.631579,3,273.923876
0.631579,3,273.92678
0.631579,3,273.929599
0.631579,3,273.932457
0.631579,3,273.935289
0.631579,3,273.938194
0.631579,3,273.941136
0.631579,3,273.94408
0.631579,3,273.946997
0.631579,3,273.949909
0.631579,3,273.952644
0.631579,3,273.9554
0.631579,3,273.958778
0.631579,3,273.962989
0.631579,3,273.966696
0.631579,3,273.969993
0.631579,3,273.972889
0.631579,3,273.975774
0.631579,3,273.978674
1.184211,5,273.983475
0.631579,3,273.986465
0.631579,3,273.989392
0.631579,3,273.992311
0.631579,3,273.995194
0.631579,3,273.998195
0.631579,3,274.001174
0.631579,3,274.004046
0.907895,4,274.00791
0.631579,3,274.010813
0.631579,3,274.013672
0.631579,3,274.016554
0.631579,3,274.019398
0.631579,3,274.022331
0.631579,3,274.025222
0.907895,4,274.02911
0.631579,3,274.032107
0.631579,3,274.035008
0.631579,3,274.037934
0.631579,3,274.04083
0.631579,3,274.043645
0.552632,3,274.046643
0.631579,3,274.049567
0.907895,4,274.053487
0.631579,3,274.056481
0.907895,4,274.060469
1.184211,5,274.065382
0.631579,3,274.068383
0.552632,3,274.071352
0.631579,3,274.074347
0.631579,3,274.07731
0.631579,3,274.080251
0.631579,3,274.083218
0.631579,3,274.08619
0.907895,4,274.090132
0.631579,3,274.093122
0.631579,3,274.096109
0.907895,4,274.10006
0.631579,3,274.103049
0.631579,3,274.106041
0.631579,3,274.109033
0.907895,4,274.113052
0.631579,3,274.115909
0.631579,3,274.118781
0.631579,3,274.12159
0.631579,3,274.124431
0.552632,3,274.127428
0.631579,3,274.130451
1.184211,5,274.135457
0.631579,3,274.138444
0.631579,3,274.141433
0.631579,3,274.144375
0.631579,3,274.14733
0.631579,3,274.150212
0.631579,3,274.153098
0.552632,3,274.156075
0.631579,3,274.158926
0.631579,3,274.161842
0.631579,3,274.164734
0.631579,3,274.167566
0.631579,3,274.170462
0.631579,3,274.173472
0.631579,3,274.176497
0.631579,3,274.17951
0.631579,3,274.182499
0.631579,3,274.185513
0.631579,3,274.188499
0.631579,3,274.191458
0.631579,3,274.194426
0.631579,3,274.197411
0.631579,3,274.200385
0.552632,3,274.203355
0.631579,3,274.206322
0.631579,3,274.209289
0.907895,4,274.213239
0.631579,3,274.216159
0.631579,3,274.219063
0.631579,3,274.221976
0.631579,3,274.224875
0.631579,3,274.2278
0.631579,3,274.230816
0.907895,4,274.234751
0.631579,3,274.237717
0.631579,3,274.240668
0.631579,3,274.243611
0.631579,3,274.246603
0.631579,3,274.249581
0.907895,4,274.253459
0.631579,3,274.256395
0.631579,3,274.259292
0.631579,3,274.262286
0.631579,3,274.265258
0.631579,3,274.268136
0.631579,3,274.270993
0.631579,3,274.273839
0.907895,4,274.2775
0.631579,3,274.280297
0.631579,3,274.28297
0.631579,3,274.285726
0.631579,3,274.288591
0.631579,3,274.291433
0.631579,3,274.29431
0.631579,3,274.297193
0.631579,3,274.300035
0.631579,3,274.302886
0.631579,3,274.305725
0.907895,4,274.309563
0.631579,3,274.312429
0.631579,3,274.315355
0.631579,3,274.31817
0.631579,3,274.320954
0.631579,3,274.323732
0.631579,3,274.326577
0.631579,3,274.32944
0.631579,3,274.332364
0.631579,3,274.335242
0.631579,3,274.338073
0.631579,3,274.34097
0.631579,3,274.343832
0.631579,3,274.346644
0.907895,4,274.350386
0.631579,3,274.35318
0.631579,3,274.355957
0.631579,3,274.358742
0.631579,3,274.361529
0.631579,3,274.364373
0.631579,3,274.367112
0.631579,3,274.369978
0.631579,3,274.372818
0.631579,3,274.375597
0.631579,3,274.378409
0.631579,3,274.381228
0.631579,3,274.384679
0.631579,3,274.389232
0.631579,3,274.393002
0.631579,3,274.396893
0.631579,3,274.399806
0.631579,3,274.402733
0.631579,3,274.405622
0.631579,3,274.408522
0.631579,3,274.411414
0.631579,3,274.414312
0.631579,3,274.4172
0.631579,3,274.420051
0.631579,3,274.422913
0.631579,3,274.425649
0.907895,4,274.429379
0.631579,3,274.432257
0.907895,4,274.436012
0.631579,3,274.438914
0.631579,3,274.441794
0.907895,4,274.445576
0.631579,3,274.448484
0.907895,4,274.452307
0.907895,4,274.456146
0.631579,3,274.45899
0.631579,3,274.461905
0.631579,3,274.464792
0.907895,4,274.468748
0.631579,3,274.476707
0.631579,3,274.479895
0.631579,3,274.483054
0.631579,3,274.486013
0.631579,3,274.488931
0.631579,3,274.491839
0.631579,3,274.494779
0.631579,3,274.498186
0.631579,3,274.501085
0.631579,3,274.504035
0.631579,3,274.506961
1.184211,5,274.511765
0.631579,3,274.514737
0.631579,3,274.517656
0.631579,3,274.520585
0.631579,3,274.523459
0.631579,3,274.526351
0.907895,4,274.530173
0.907895,4,274.534029
0.631579,3,274.536944
0.907895,4,274.540822
0.907895,4,274.544608
0.631579,3,274.547536
0.631579,3,274.550483
0.631579,3,274.553307
0.631579,3,274.556175
0.631579,3,274.559042
0.631579,3,274.561809
0.552632,3,274.56468
0.631579,3,274.567524
0.631579,3,274.57044
0.631579,3,274.573358
0.631579,3,274.576269
0.631579,3,274.579175
0.631579,3,274.582088
0.631579,3,274.585006
0.631579,3,274.5879
0.631579,3,274.590782
0.631579,3,274.593645
0.631579,3,274.596524
0.552632,3,274.599449
0.631579,3,274.602329
0.631579,3,274.605224
0.631579,3,274.608119
0.631579,3,274.610961
0.631579,3,274.613949
0.631579,3,274.616829
0.631579,3,274.619697
0.631579,3,274.622573
0.631579,3,274.625481
0.631579,3,274.628396
0.631579,3,274.631287
0.631579,3,274.634108
0.631579,3,274.636983
0.631579,3,274.639842
0.907895,4,274.64365
0.907895,4,274.647383
0.631579,3,274.650261
0.631579,3,274.653189
0.631579,3,274.656109
0.631579,3,274.659003
0.631579,3,274.661857
0.631579,3,274.664912
0.631579,3,274.667817
0.631579,3,274.670713
0.631579,3,274.67358
0.631579,3,274.676405
0.631579,3,274.679331
0.631579,3,274.682279
0.631579,3,274.685243
0.907895,4,274.689188
0.907895,4,274.693098
0.631579,3,274.695979
0.631579,3,274.698804
0.631579,3,274.701655
0.631579,3,274.704481
0.631579,3,274.707314
0.631579,3,274.710323
0.631579,3,274.71323
0.631579,3,274.716129
0.552632,3,274.719033
0.631579,3,274.721946
0.631579,3,274.724859
0.631579,3,274.727767
0.631579,3,274.730674
0.631579,3,274.733445
0.631579,3,274.736239
0.631579,3,274.739004
0.631579,3,274.741844
0.631579,3,274.744684
0.631579,3,274.747502
0.631579,3,274.750306
0.828947,4,274.754198
0.631579,3,274.757097
0.631579,3,274.759974
0.631579,3,274.762818
0.631579,3,274.765626
0.631579,3,274.768462
0.828947,4,274.772288
0.631579,3,274.775158
0.631579,3,274.777996
0.631579,3,274.780925
0.631579,3,274.783823
0.631579,3,274.786742
0.631579,3,274.789785
0.631579,3,274.792669
0.631579,3,274.795655
0.631579,3,274.798557
0.631579,3,274.801396
0.631579,3,274.804247
0.631579,3,274.807091
0.552632,3,274.809978
0.631579,3,274.812832
0.907895,4,274.816631
0.631579,3,274.819488
0.631579,3,274.822369
0.631579,3,274.82528
0.631579,3,274.828175
0.631579,3,274.831053
0.631579,3,274.833916
0.631579,3,274.836763
0.631579,3,274.839598
0.907895,4,274.843374
0.631579,3,274.846226
0.631579,3,274.84908
0.907895,4,274.852882
0.631579,3,274.855717
0.631579,3,274.85857
0.631579,3,274.861454
0.631579,3,274.864304
0.907895,4,274.868114
1.184211,5,274.872853
0.631579,3,274.875664
0.631579,3,274.878527
0.631579,3,274.881381
0.552632,3,274.88429
0.631579,3,274.88717
0.631579,3,274.890044
0.631579,3,274.892908
0.631579,3,274.895779
0.631579,3,274.898668
0.907895,4,274.902459
0.631579,3,274.90537
0.631579,3,274.90827
0.631579,3,274.911147
0.631579,3,274.914037
0.631579,3,274.916934
0.631579,3,274.919835
0.631579,3,274.92274
0.631579,3,274.925641
0.631579,3,274.928548
0.631579,3,274.931447
0.631579,3,274.934333
0.907895,4,274.938174
0.631579,3,274.941051
0.631579,3,274.943898
0.631579,3,274.946757
0.631579,3,274.949628
0.631579,3,274.952489
0.552632,3,274.955304
0.631579,3,274.958184
0.631579,3,274.96105
0.631579,3,274.963814
0.631579,3,274.96664
0.631579,3,274.969438
0.631579,3,274.972311
0.631579,3,274.975176
0.631579,3,274.978052
0.631579,3,274.980904
0.631579,3,274.983731
0.631579,3,274.986573
0.631579,3,274.989454
0.552632,3,274.992302
0.631579,3,274.995164
0.631579,3,274.997971
0.631579,3,275.000826
0.631579,3,275.0037
0.631579,3,275.006586
0.631579,3,275.009464
0.631579,3,275.012331
0.631579,3,275.015206
0.552632,3,275.018082
0.631579,3,275.020961
0.907895,4,275.024819
0.631579,3,275.027716
0.631579,3,275.030586
0.631579,3,275.033464
0.631579,3,275.036294
0.631579,3,275.039154
0.631579,3,275.042033
0.631579,3,275.044775
0.631579,3,275.047653
0.631579,3,275.050486
0.907895,4,275.054309
0.631579,3,275.057148
0.631579,3,275.059989
0.631579,3,275.062909
0.631579,3,275.065828
0.631579,3,275.068728
0.631579,3,275.071607
0.631579,3,275.074497
0.631579,3,275.077291
0.631579,3,275.080074
0.907895,4,275.083787
0.631579,3,275.086614
0.631579,3,275.089447
0.631579,3,282.582978
0.631579,3,282.58641
0.631579,3,282.589755
0.631579,3,282.592969
0.631579,3,282.596033
0.907895,4,282.600511
0.631579,3,282.604479
0.631579,3,282.60865
0.631579,3,282.611894
0.631579,3,282.615536
0.631579,3,282.618539
0.631579,3,282.621615
0.631579,3,282.625123
0.631579,3,282.628521
0.631579,3,282.632481
0.631579,3,282.636676
0.631579,3,282.640848
0.631579,3,282.643979
0.631579,3,282.64896
0.631579,3,282.654092
0.631579,3,282.65728
0.631579,3,282.660509
0.631579,3,282.663758
0.907895,4,282.667818
0.631579,3,282.67126
0.631579,3,282.674086
0.631579,3,282.677058
0.631579,3,282.680034
0.631579,3,282.683115
0.631579,3,282.686131
0.631579,3,282.68907
0.631579,3,282.692139
0.631579,3,282.69517
0.631579,3,282.698221
0.907895,4,282.70229
0.631579,3,282.705199
0.631579,3,282.708104
0.631579,3,282.71101
0.631579,3,282.714056
0.907895,4,282.718013
0.631579,3,282.721164
0.631579,3,282.724127
0.631579,3,282.727067
0.631579,3,282.730047
0.631579,3,282.733126
0.631579,3,282.736336
0.631579,3,282.739393
0.631579,3,282.742455
0.631579,3,282.74546
0.631579,3,282.748467
0.631579,3,282.751513
0.631579,3,282.754551
0.631579,3,282.757615
0.631579,3,282.760606
0.631579,3,282.763707
0.631579,3,282.766859
0.631579,3,282.770049
0.631579,3,282.773116
0.631579,3,282.776278
0.631579,3,282.779372
0.631579,3,282.7824
0.631579,3,282.785363
0.631579,3,282.788372
0.631579,3,282.79137
0.631579,3,282.794381
0.631579,3,282.797322
0.631579,3,282.800361
0.631579,3,282.803197
0.631579,3,282.80619
0.631579,3,282.80907
0.631579,3,282.811959
0.631579,3,282.814859
0.631579,3,282.817734
0.631579,3,282.820625
0.907895,4,282.824508
0.631579,3,282.82737
0.631579,3,282.830281
0.631579,3,282.833164
0.631579,3,282.836014
0.631579,3,282.838918
0.631579,3,282.84186
0.631579,3,282.844783
0.631579,3,282.847715
0.631579,3,282.850665
0.631579,3,282.853602
0.631579,3,282.856483
0.631579,3,282.859294
0.631579,3,282.862231
0.631579,3,282.865059
0.631579,3,282.867979
0.631579,3,282.870905
0.631579,3,282.873841
0.631579,3,282.876714
0.631579,3,282.879629
0.631579,3,282.882513
0.631579,3,282.885396
0.631579,3,282.888293
0.907895,4,282.892144
0.631579,3,282.895016
0.631579,3,282.897862
0.631579,3,282.900701
0.631579,3,282.903566
0.907895,4,282.907445
0.631579,3,282.910356
0.631579,3,282.91322
0.631579,3,282.916121
0.631579,3,282.919032
0.631579,3,282.922009
0.631579,3,282.924928
0.631579,3,282.927875
0.631579,3,282.930733
0.631579,3,282.933651
0.631579,3,282.936496
0.631579,3,282.939839
0.631579,3,282.942792
0.631579,3,282.945592
0.631579,3,282.948363
0.631579,3,282.951207
0.631579,3,282.954236
0.631579,3,282.957105
0.631579,3,282.959918
0.907895,4,282.96373
0.907895,4,282.967592
0.631579,3,282.970469
0.631579,3,282.973406
0.631579,3,282.976311
0.631579,3,282.979203
0.631579,3,282.982116
0.631579,3,282.985005
0.631579,3,282.98792
0.631579,3,282.990877
0.631579,3,282.993805
0.631579,3,282.996723
0.631579,3,282.999698
0.631579,3,283.002603
0.631579,3,283.005514
0.631579,3,283.008504
0.631579,3,283.011487
0.631579,3,283.014472
0.631579,3,283.017444
0.631579,3,283.020411
0.631579,3,283.023404
0.631579,3,283.026383
0.631579,3,283.02936
0.631579,3,283.032329
0.631579,3,283.035236
0.631579,3,283.039627
0.631579,3,283.044569
0.631579,3,283.04761
0.631579,3,283.050628
0.631579,3,283.053575
0.631579,3,283.056477
0.631579,3,283.059383
0.631579,3,283.062357
0.631579,3,283.065194
0.631579,3,283.068069
0.631579,3,283.070881
0.631579,3,283.073723
0.631579,3,283.076573
0.631579,3,283.079464
0.631579,3,283.082372
0.631579,3,283.085274
0.631579,3,283.0882
0.631579,3,283.091185
0.631579,3,283.094092
0.631579,3,283.096997
0.631579,3,283.099916
0.631579,3,283.102853
0.631579,3,283.105777
0.907895,4,283.109672
0.631579,3,283.112652
0.631579,3,283.115608
0.631579,3,283.118608
0.631579,3,283.121653
0.907895,4,283.125634
0.631579,3,283.128604
0.631579,3,283.131556
0.631579,3,283.13574
0.631579,3,283.140619
0.631579,3,283.143397
0.907895,4,283.147133
0.631579,3,283.149939
0.631579,3,283.152777
0.631579,3,283.155668
0.631579,3,283.158592
0.631579,3,283.161518
0.631579,3,283.164421
0.631579,3,283.167373
0.631579,3,283.170311
0.631579,3,283.173297
0.631579,3,283.17627
0.631579,3,283.179232
0.631579,3,283.182231
0.631579,3,283.185188
0.631579,3,283.188171
0.631579,3,283.191118
0.631579,3,283.193992
0.631579,3,283.196881
0.631579,3,283.199728
0.631579,3,283.207739
0.631579,3,283.211156
0.631579,3,283.214202
0.631579,3,283.217141
0.631579,3,283.221988
0.631579,3,283.225826
0.631579,3,283.229438
0.631579,3,283.232443
0.631579,3,283.235434
0.631579,3,283.238502
0.631579,3,283.241367
0.631579,3,283.244281
0.631579,3,283.247163
0.631579,3,283.250056
0.907895,4,283.25393
0.631579,3,283.256815
0.631579,3,283.259711
0.631579,3,283.26262
0.631579,3,283.265526
0.631579,3,283.268458
0.631579,3,283.271426
0.631579,3,283.274441
0.631579,3,283.277381
0.631579,3,283.280354
0.631579,3,283.28328
0.631579,3,283.286181
0.631579,3,283.289112
0.631579,3,283.292006
0.907895,4,283.295678
0.631579,3,283.298636
0.631579,3,283.301591
0.631579,3,283.304556
0.631579,3,283.307493
0.631579,3,283.3104
0.907895,4,283.314296
0.631579,3,283.317243
0.631579,3,283.320208
0.631579,3,283.323153
0.631579,3,283.326003
0.631579,3,283.328847
0.631579,3,283.331766
0.631579,3,283.334697
0.631579,3,283.337646
0.631579,3,283.340568
0.631579,3,283.343486
0.631579,3,283.346426
0.631579,3,283.349266
0.631579,3,283.352146
0.631579,3,283.35501
0.631579,3,283.35794
0.631579,3,283.360883
0.631579,3,283.363722
0.631579,3,283.366527
0.631579,3,283.369323
0.631579,3,283.372191
0.631579,3,283.375102
0.631579,3,283.378028
0.631579,3,283.380982
0.631579,3,283.383937
0.631579,3,283.386949
0.631579,3,283.389908
0.631579,3,283.392739
0.907895,4,283.396539
0.631579,3,283.399444
0.631579,3,283.402326
0.631579,3,283.405253
0.631579,3,283.408154
0.907895,4,283.41206
0.631579,3,283.414994
1.184211,5,283.419929
0.631579,3,283.422955
0.631579,3,283.425886
0.907895,4,283.429721
0.631579,3,283.432629
0.907895,4,283.436406
0.631579,3,283.439301
0.631579,3,283.442224
0.631579,3,283.445157
0.631579,3,283.448078
0.631579,3,283.451077
0.631579,3,283.454061
0.631579,3,283.457005
0.631579,3,283.459932
0.907895,4,283.463897
0.631579,3,283.466865
0.631579,3,283.469814
0.631579,3,283.472797
0.631579,3,283.475755
0.907895,4,283.479673
0.631579,3,283.482618
0.631579,3,283.485549
0.631579,3,283.488489
0.631579,3,283.49143
0.631579,3,283.494294
0.631579,3,283.497221
0.631579,3,283.500143
0.631579,3,283.502963
0.631579,3,283.505967
0.631579,3,283.508946
0.631579,3,283.511907
0.631579,3,283.514832
0.631579,3,283.517761
0.631579,3,283.520717
0.631579,3,283.523638
0.631579,3,283.526556
0.631579,3,283.529474
0.631579,3,283.532443
0.631579,3,283.535383
0.631579,3,283.538362
0.631579,3,283.541306
0.631579,3,283.544246
0.631579,3,283.547179
0.631579,3,283.550094
0.631579,3,283.552972
0.631579,3,283.555862
0.631579,3,283.558767
0.631579,3,283.561687
0.631579,3,283.564611
0.907895,4,283.568573
0.907895,4,283.572418
0.631579,3,283.575246
0.631579,3,283.578177
0.631579,3,283.581133
0.631579,3,283.583945
0.631579,3,283.586803
0.631579,3,283.589624
0.631579,3,283.59244
0.631579,3,283.595254
0.631579,3,283.598099
0.631579,3,283.601049
0.631579,3,283.603967
0.631579,3,283.606878
0.631579,3,283.609702
0.631579,3,283.612511
0.631579,3,283.615314
0.631579,3,283.618127
0.631579,3,283.621098
0.631579,3,283.624025
0.631579,3,283.62695
0.631579,3,283.629876
0.631579,3,283.632799
0.631579,3,283.635696
0.631579,3,283.638674
0.631579,3,283.6415
0.631579,3,283.64439
0.907895,4,283.648197
0.631579,3,283.65105
0.631579,3,283.655154
0.631579,3,283.660203
0.631579,3,283.663116
0.631579,3,283.666041
0.631579,3,283.669
0.631579,3,283.671965
0.631579,3,283.674987
0.631579,3,283.677956
0.631579,3,283.680936
0.631579,3,283.683859
0.631579,3,283.686779
0.631579,3,283.689744
0.631579,3,283.692672
0.631579,3,283.695604
0.631579,3,283.698484
0.907895,4,283.702363
0.631579,3,283.705287
0.631579,3,283.708174
0.907895,4,283.712086
0.631579,3,283.715025
0.631579,3,283.717874
0.631579,3,283.720776
0.631579,3,283.723725
0.631579,3,283.726729
0.631579,3,283.729703
0.631579,3,283.73268
0.631579,3,283.735676
0.631579,3,283.738675
0.631579,3,283.741662
0.631579,3,283.744664
0.631579,3,283.747641
0.276316,2,283.74966
0.631579,3,283.752691
0.631579,3,283.755648
0.631579,3,283.758631
0.631579,3,283.761614
0.631579,3,283.76457
0.907895,4,283.768527
0.631579,3,283.771507
0.631579,3,283.77462
0.631579,3,283.777692
0.631579,3,283.78077
0.631579,3,283.783782
0.631579,3,283.786755
0.907895,4,283.790875
0.631579,3,283.793906
0.631579,3,283.796994
0.631579,3,283.800076
0.631579,3,283.803099
0.631579,3,283.806122
0.631579,3,283.8091
0.631579,3,283.812124
0.631579,3,283.815124
0.631579,3,283.81813
0.631579,3,283.821084
0.631579,3,283.824064
0.907895,4,283.828073
0.631579,3,283.831074
0.631579,3,283.834097
0.907895,4,283.838046
0.631579,3,283.841066
0.631579,3,283.843997
0.631579,3,283.846879
0.631579,3,283.849689
0.631579,3,283.852561
0.631579,3,283.855446
0.631579,3,283.858375
0.631579,3,283.861305
0.631579,3,283.864187
0.631579,3,283.867137
0.631579,3,283.870077
0.907895,4,283.873933
0.631579,3,283.876813
0.631579,3,283.879674
0.631579,3,283.88262
0.631579,3,283.88559
0.631579,3,283.888555
0.631579,3,283.89149
0.631579,3,283.894416
0.631579,3,283.897247
0.631579,3,283.900045
0.631579,3,283.902845
0.631579,3,283.905679
0.631579,3,283.90843
0.631579,3,283.91116
0.631579,3,283.913894
0.631579,3,283.916641
0.631579,3,283.919385
0.631579,3,283.922297
0.631579,3,283.92518
0.631579,3,283.928033
0.631579,3,283.93094
0.631579,3,283.933819
0.631579,3,283.936641
0.907895,4,283.940466
0.631579,3,283.943295
0.631579,3,283.946169
0.907895,4,283.950032
0.631579,3,283.95285
0.631579,3,283.955596
0.907895,4,283.95928
0.631579,3,283.962101
0.631579,3,283.96491
0.631579,3,283.967736
0.631579,3,283.970632
0.631579,3,283.973527
0.631579,3,283.97641
0.631579,3,283.979312
0.907895,4,283.983092
0.907895,4,283.986858
0.631579,3,283.989707
0.631579,3,283.99258
0.907895,4,283.996444
0.631579,3,283.999313
0.631579,3,284.002196
0.631579,3,284.005076
0.907895,4,284.008777
0.631579,3,284.011564
0.631579,3,284.014406
0.907895,4,284.018242
0.631579,3,284.021144
0.631579,3,284.024004
0.631579,3,284.026876
0.631579,3,284.029704
0.631579,3,284.03255
0.631579,3,284.035422
0.631579,3,284.03832
0.631579,3,284.041202
0.631579,3,284.044054
0.631579,3,284.046903
0.631579,3,284.049749
0.631579,3,284.052604
0.631579,3,284.055464
0.907895,4,284.05935
0.631579,3,284.062261
0.631579,3,284.065167
0.631579,3,284.067997
0.631579,3,284.070846
0.631579,3,284.073689
0.907895,4,284.077506
0.631579,3,284.080373
0.631579,3,284.083247
0.631579,3,284.086114
0.631579,3,284.088983
0.631579,3,284.091794
0.631579,3,284.096597
0.631579,3,284.100493
0.907895,4,284.105281
0.631579,3,284.108085
0.631579,3,284.111035
0.907895,4,284.114906
0.631579,3,284.117814
0.631579,3,284.120786
0.631579,3,284.123771
0.631579,3,284.126677
0.631579,3,284.129608
0.631579,3,284.132564
0.631579,3,284.135498
0.907895,4,284.139471
0.907895,4,284.143311
0.631579,3,284.146225
0.631579,3,284.149149
0.631579,3,284.152063
0.631579,3,284.154979
0.631579,3,284.157846
0.631579,3,284.160712
0.631579,3,284.163573
0.631579,3,284.166365
0.631579,3,284.169174
0.631579,3,284.172055
0.631579,3,284.174952
0.631579,3,284.177861
0.631579,3,284.180762
0.631579,3,284.183575
0.631579,3,284.186466
0.631579,3,284.18931
0.907895,4,284.19314
0.631579,3,284.19594
0.907895,4,284.199751
0.631579,3,284.202706
0.631579,3,284.205586
0.631579,3,284.20848
0.631579,3,284.211358
0.631579,3,284.214247
0.631579,3,284.217132
0.631579,3,284.219983
0.631579,3,284.222914
0.631579,3,284.225777
0.631579,3,284.228595
0.907895,4,284.232414
0.631579,3,284.235327
0.631579,3,284.238214
0.631579,3,284.241117
0.631579,3,284.243962
0.631579,3,284.246886
0.631579,3,284.24981
0.631579,3,284.252709
0.907895,4,284.25664
0.631579,3,284.259476
0.631579,3,284.262334
0.631579,3,284.265246
0.631579,3,284.268141
0.631579,3,284.271043
0.631579,3,284.274073
0.631579,3,284.276949
0.631579,3,284.279887
0.631579,3,284.282787
0.631579,3,284.28569
0.631579,3,284.288617
0.631579,3,284.291502
0.631579,3,284.294372
0.631579,3,284.297249
0.631579,3,284.300109
0.631579,3,284.302983
0.631579,3,284.305871
0.631579,3,284.308742
0.907895,4,284.312572
0.631579,3,284.315472
0.631579,3,284.318356
0.631579,3,284.321263
0.631579,3,284.324168
0.631579,3,284.327067
0.631579,3,284.329987
0.631579,3,284.332889
0.631579,3,284.335708
0.631579,3,284.338544
0.631579,3,284.341389
0.631579,3,284.344189
0.631579,3,284.347032
0.631579,3,284.349882
0.631579,3,284.352705
0.907895,4,284.356463
0.631579,3,284.359417
0.631579,3,284.362382
0.631579,3,284.365333
0.631579,3,284.36829
0.631579,3,284.371216
0.631579,3,284.374146
0.631579,3,284.37711
0.631579,3,284.380023
0.631579,3,284.383021
0.907895,4,284.386933
0.631579,3,284.389893
0.631579,3,284.392881
0.631579,3,284.396013
0.631579,3,284.398979
0.631579,3,284.401917
0.631579,3,284.404869
0.631579,3,284.407767
0.631579,3,284.4108
0.631579,3,284.413824
0.631579,3,284.416806
0.631579,3,284.419772
0.631579,3,284.422744
0.631579,3,284.425742
0.631579,3,284.428657
0.907895,4,284.437817
0.631579,3,284.44111
0.631579,3,284.443955
0.631579,3,284.44671
0.631579,3,284.449498
0.631579,3,284.452295
0.631579,3,284.455348
0.631579,3,284.458505
0.631579,3,284.461305
0.631579,3,284.464123
0.631579,3,284.466943
0.631579,3,284.46975
0.631579,3,284.472768
0.631579,3,284.475665
0.631579,3,284.478524
0.907895,4,284.482335
0.631579,3,284.485167
0.631579,3,284.487965
0.631579,3,284.490787
0.907895,4,284.49459
0.631579,3,284.497456
0.631579,3,284.500324
0.631579,3,284.503194
0.631579,3,284.505956
0.907895,4,284.509867
0.631579,3,284.512781
0.631579,3,284.515685
0.631579,3,284.518559
0.631579,3,284.521428
0.631579,3,284.524279
0.631579,3,284.527127
0.631579,3,284.529986
0.631579,3,284.53285
0.631579,3,284.535716
0.631579,3,284.538631
0.631579,3,284.541482
0.631579,3,284.544357
0.631579,3,284.547225
0.631579,3,284.550166
0.631579,3,284.553386
0.631579,3,284.55758
0.907895,4,284.561909
0.631579,3,284.56484
0.631579,3,284.567735
0.631579,3,284.570622
0.631579,3,284.573506
0.631579,3,284.576467
0.631579,3,284.579452
0.631579,3,284.582388
0.631579,3,284.585307
0.631579,3,284.588236
0.631579,3,284.591235
0.631579,3,284.594238
0.631579,3,284.59726
0.631579,3,284.600277
0.631579,3,284.603307
0.631579,3,284.606316
0.631579,3,284.609339
0.631579,3,284.612338
0.631579,3,284.615343
0.631579,3,284.618251
1.184211,5,292.311277
0.631579,3,292.316721
0.631579,3,292.319708
0.631579,3,292.322725
0.631579,3,292.327269
0.631579,3,292.331101
0.631579,3,292.334087
0.907895,4,292.340738
0.552632,3,292.344897
0.631579,3,292.348956
0.631579,3,292.353699
0.631579,3,292.357948
0.631579,3,292.362015
0.631579,3,292.365779
0.631579,3,292.370533
0.631579,3,292.374537
0.631579,3,292.379858
0.631579,3,292.385442
0.631579,3,292.389998
0.631579,3,292.394139
0.907895,4,292.400841
0.631579,3,292.405938
0.631579,3,292.412008
0.631579,3,292.41555
0.631579,3,292.419649
0.631579,3,292.423738
0.631579,3,292.428359
0.631579,3,292.43318
0.631579,3,292.43706
0.631579,3,292.441921
0.631579,3,292.446892
0.631579,3,292.449774
0.631579,3,292.452745
0.631579,3,292.455516
0.631579,3,292.458373
0.631579,3,292.461296
0.631579,3,292.464127
0.631579,3,292.466996
0.631579,3,292.469908
0.631579,3,292.472817
0.907895,4,292.476972
0.631579,3,292.480211
0.631579,3,292.483318
0.631579,3,292.486313
0.631579,3,292.489146
0.631579,3,292.492113
0.631579,3,292.495159
0.631579,3,292.498135
0.631579,3,292.501106
0.631579,3,292.504077
0.631579,3,292.507111
0.907895,4,292.511176
0.631579,3,292.514117
0.631579,3,292.517254
0.631579,3,292.520098
0.631579,3,292.522979
0.631579,3,292.525857
0.631579,3,292.529054
0.631579,3,292.532466
0.631579,3,292.535318
0.631579,3,292.538088
0.631579,3,292.540852
0.631579,3,292.543572
0.907895,4,292.547581
0.631579,3,292.550466
1.184211,5,292.555208
0.631579,3,292.558022
0.631579,3,292.560851
0.631579,3,292.563717
0.631579,3,292.566638
0.631579,3,292.569516
0.631579,3,292.572411
0.631579,3,292.575289
0.631579,3,292.578247
0.631579,3,292.581128
0.631579,3,292.584011
0.631579,3,292.586904
0.631579,3,292.589728
0.631579,3,292.592537
0.631579,3,292.595466
0.631579,3,292.598413
0.631579,3,292.601349
0.631579,3,292.604276
0.631579,3,292.607165
0.631579,3,292.610141
0.631579,3,292.613089
0.631579,3,292.615973
0.631579,3,292.618896
0.907895,4,292.622725
0.631579,3,292.625666
0.631579,3,292.628638
0.631579,3,292.63155
0.631579,3,292.634449
0.631579,3,292.637402
0.631579,3,292.640301
0.631579,3,292.643085
0.631579,3,292.647385
0.631579,3,292.6524
0.631579,3,292.65643
0.631579,3,292.659418
0.631579,3,292.662412
0.631579,3,292.665396
0.631579,3,292.668352
0.631579,3,292.671337
0.631579,3,292.674323
0.631579,3,292.677387
0.631579,3,292.680494
0.631579,3,292.683506
0.631579,3,292.68659
0.631579,3,292.689942
0.631579,3,292.692972
0.631579,3,292.696651
0.631579,3,292.699598
0.631579,3,292.702626
0.631579,3,292.705621
0.631579,3,292.70863
0.631579,3,292.711947
0.631579,3,292.715176
0.631579,3,292.718177
0.631579,3,292.721178
0.631579,3,292.724187
0.631579,3,292.727183
0.631579,3,292.730487
0.631579,3,292.734079
0.631579,3,292.736919
0.631579,3,292.739766
0.907895,4,292.743461
0.631579,3,292.746545
0.631579,3,292.749395
0.907895,4,292.753252
0.631579,3,292.756163
0.907895,4,292.759944
0.631579,3,292.762818
0.631579,3,292.765642
0.631579,3,292.768445
0.631579,3,292.771282
0.631579,3,292.775626
0.631579,3,292.779509
0.631579,3,292.783486
0.631579,3,292.786876
0.631579,3,292.789776
0.631579,3,292.792715
0.631579,3,292.795575
0.631579,3,292.798448
0.907895,4,292.802241
0.631579,3,292.805118
0.631579,3,292.808048
0.631579,3,292.810965
0.631579,3,292.813878
1.184211,5,292.818742
0.631579,3,292.821629
0.631579,3,292.824537
0.907895,4,292.828302
0.907895,4,292.832222
0.631579,3,292.835142
0.907895,4,292.839067
0.631579,3,292.84201
0.631579,3,292.844934
0.631579,3,292.847803
0.631579,3,292.85066
0.631579,3,292.853557
0.631579,3,292.856468
0.631579,3,292.859384
0.631579,3,292.863866
0.631579,3,292.868461
0.631579,3,292.87246
0.631579,3,292.875909
0.631579,3,292.879051
0.631579,3,292.882079
0.631579,3,292.88512
0.631579,3,292.888128
0.631579,3,292.891057
0.907895,4,292.895123
0.631579,3,292.898175
0.631579,3,292.901177
0.631579,3,292.904221
0.631579,3,292.907261
0.907895,4,292.911402
0.631579,3,292.914453
0.631579,3,292.917495
0.631579,3,292.920553
0.631579,3,292.923642
0.631579,3,292.926748
0.631579,3,292.929831
0.631579,3,292.932839
0.631579,3,292.93593
0.631579,3,292.938956
0.631579,3,292.941929
0.631579,3,292.945107
0.631579,3,292.948143
0.631579,3,292.951085
0.907895,4,292.955153
0.631579,3,292.958231
0.631579,3,292.961357
0.631579,3,292.964407
0.631579,3,292.967525
0.631579,3,292.970589
0.631579,3,292.973653
0.631579,3,292.976686
0.631579,3,292.980847
0.631579,3,292.985342
0.631579,3,292.989573
0.631579,3,292.993293
0.631579,3,292.996562
0.907895,4,293.000462
0.631579,3,293.003379
0.631579,3,293.006277
0.631579,3,293.009138
0.631579,3,293.012053
0.631579,3,293.014871
0.907895,4,293.01861
0.631579,3,293.021446
0.631579,3,293.024284
0.631579,3,293.02712
0.631579,3,293.029966
0.631579,3,293.032807
0.631579,3,293.035648
0.631579,3,293.038511
0.631579,3,293.041371
0.631579,3,293.044226
0.631579,3,293.047028
0.631579,3,293.049839
0.631579,3,293.052656
0.631579,3,293.055511
0.631579,3,293.058367
0.631579,3,293.061224
0.631579,3,293.064074
0.631579,3,293.066911
0.631579,3,293.06979
0.631579,3,293.072661
0.631579,3,293.075524
0.631579,3,293.078999
0.631579,3,293.083567
0.907895,4,293.089364
0.631579,3,293.092198
0.631579,3,293.095022
0.631579,3,293.097862
0.631579,3,293.100705
0.631579,3,293.103555
0.631579,3,293.106476
0.631579,3,293.109512
0.631579,3,293.112486
0.631579,3,293.115478
0.631579,3,293.118444
0.631579,3,293.12142
0.907895,4,293.125322
0.907895,4,293.129348
0.631579,3,293.132321
0.907895,4,293.13631
0.631579,3,293.139288
0.631579,3,293.142254
0.631579,3,293.145241
0.631579,3,293.148207
0.631579,3,293.151099
0.631579,3,293.154017
0.631579,3,293.157029
0.631579,3,293.160017
0.631579,3,293.163096
0.631579,3,293.166093
0.631579,3,293.169036
0.631579,3,293.17205
0.631579,3,293.174976
0.631579,3,293.177837
0.631579,3,293.180652
0.631579,3,293.183475
0.631579,3,293.186478
0.631579,3,293.189479
0.631579,3,293.192485
0.907895,4,293.196542
0.631579,3,293.199588
0.631579,3,293.202544
0.631579,3,293.205465
0.631579,3,293.208456
0.631579,3,293.211435
0.631579,3,293.21444
0.631579,3,293.217396
0.631579,3,293.220317
0.631579,3,293.223189
0.631579,3,293.226653
0.907895,4,293.231742
0.631579,3,293.235389
0.631579,3,293.238312
0.631579,3,293.241073
0.631579,3,293.24382
0.631579,3,293.246622
0.631579,3,293.249452
0.631579,3,293.252205
0.907895,4,293.255968
0.631579,3,293.25877
0.631579,3,293.261712
0.907895,4,293.265452
0.631579,3,293.268103
0.631579,3,293.270798
0.631579,3,293.273575
0.631579,3,293.276398
1.184211,5,293.2813
0.631579,3,293.284217
0.631579,3,293.287155
0.631579,3,293.290105
0.631579,3,293.293035
0.631579,3,293.295904
0.631579,3,293.298785
0.631579,3,293.301652
0.631579,3,293.304538
0.907895,4,293.308396
0.631579,3,293.311301
0.631579,3,293.314243
0.631579,3,293.317173
0.907895,4,293.321067
0.631579,3,293.324028
0.631579,3,293.327029
0.631579,3,293.330109
0.631579,3,293.333057
0.631579,3,293.336066
0.631579,3,293.339101
0.631579,3,293.342129
0.907895,4,293.346061
0.631579,3,293.348985
0.631579,3,293.351865
0.631579,3,293.354756
0.631579,3,293.357652
0.631579,3,293.360452
0.631579,3,293.363353
0.631579,3,293.366251
0.631579,3,293.369112
0.631579,3,293.371977
0.631579,3,293.37482
0.631579,3,293.377687
0.631579,3,293.380565
0.631579,3,293.383477
0.631579,3,293.386398
0.631579,3,293.38933
0.631579,3,293.392255
0.631579,3,293.395156
0.631579,3,293.398096
0.631579,3,293.401022
0.907895,4,293.404929
0.631579,3,293.407886
0.631579,3,293.41095
0.631579,3,293.414001
0.631579,3,293.417084
0.631579,3,293.425231
0.631579,3,293.42919
0.631579,3,293.43452
0.631579,3,293.438322
0.631579,3,293.441182
0.631579,3,293.444072
0.631579,3,293.447366
0.631579,3,293.450162
0.631579,3,293.453102
0.907895,4,293.457005
0.631579,3,293.459913
0.631579,3,293.463042
0.631579,3,293.465951
0.631579,3,293.468876
0.631579,3,293.471767
0.631579,3,293.474697
0.631579,3,293.477686
0.631579,3,293.48066
0.631579,3,293.483471
0.631579,3,293.486259
0.631579,3,293.489089
0.631579,3,293.491988
0.631579,3,293.494895
0.631579,3,293.497993
0.631579,3,293.500991
0.631579,3,293.503894
0.631579,3,293.506752
0.631579,3,293.509594
0.631579,3,293.512382
0.631579,3,293.51518
0.631579,3,293.51811
0.631579,3,293.521024
0.631579,3,293.523812
0.631579,3,293.526692
0.631579,3,293.52955
0.631579,3,293.532405
0.631579,3,293.535267
0.631579,3,293.538146
0.907895,4,293.541966
0.631579,3,293.544845
0.631579,3,293.547725
0.631579,3,293.550613
0.631579,3,293.553493
0.631579,3,293.556492
0.631579,3,293.559495
0.631579,3,293.562431
0.631579,3,293.565367
0.631579,3,293.568288
0.631579,3,293.571198
0.631579,3,293.574188
0.631579,3,293.577085
0.631579,3,293.579976
0.631579,3,293.582883
0.631579,3,293.585779
0.631579,3,293.588701
0.631579,3,293.591635
0.631579,3,293.594541
0.631579,3,293.597493
0.631579,3,293.600492
0.631579,3,293.603469
0.631579,3,293.606423
0.631579,3,293.609391
0.631579,3,293.612352
0.631579,3,293.615226
0.631579,3,293.618202
0.631579,3,293.621138
0.631579,3,293.624026
0.631579,3,293.626925
0.631579,3,293.62982
0.631579,3,293.632721
0.631579,3,293.635605
0.631579,3,293.638513
0.631579,3,293.641376
0.631579,3,293.644228
0.631579,3,293.64713
0.631579,3,293.650088
0.631579,3,293.653034
0.276316,2,293.655006
0.631579,3,293.657929
0.631579,3,293.660851
0.631579,3,293.663788
0.631579,3,293.666643
0.631579,3,293.669505
0.631579,3,293.672372
0.631579,3,293.675207
0.631579,3,293.678115
0.631579,3,293.681026
0.631579,3,293.683928
0.631579,3,293.686831
0.631579,3,293.689743
0.631579,3,293.692723
0.631579,3,293.695658
0.631579,3,293.698624
0.631579,3,293.701561
0.631579,3,293.704478
0.631579,3,293.707383
0.631579,3,293.710315
0.631579,3,293.713251
0.631579,3,293.71616
0.631579,3,293.719069
0.631579,3,293.721988
0.631579,3,293.724903
0.631579,3,293.727722
0.631579,3,293.730602
0.631579,3,293.733512
0.631579,3,293.736418
0.907895,4,293.740186
0.631579,3,293.743084
0.631579,3,293.745913
0.631579,3,293.748737
0.631579,3,293.751643
0.631579,3,293.754555
0.631579,3,293.757463
0.631579,3,293.760397
0.631579,3,293.763325
0.631579,3,293.766228
0.631579,3,293.769097
0.631579,3,293.771927
0.631579,3,293.776924
0.907895,4,293.78216
0.631579,3,293.78626
0.907895,4,293.790294
0.631579,3,293.793326
0.631579,3,293.796289
0.631579,3,293.799345
0.631579,3,293.802351
0.907895,4,293.806361
0.631579,3,293.8094
0.631579,3,293.812414
0.631579,3,293.815433
0.631579,3,293.818467
0.631579,3,293.821503
0.631579,3,293.824531
0.631579,3,293.827533
0.631579,3,293.830619
0.631579,3,293.833664
0.631579,3,293.836744
0.631579,3,293.839803
0.631579,3,293.842871
0.631579,3,293.845908
0.631579,3,293.848891
0.631579,3,293.851866
0.631579,3,293.854879
0.631579,3,293.857855
0.631579,3,293.860896
0.631579,3,293.863978
0.631579,3,293.867028
0.631579,3,293.870059
0.907895,4,293.874119
0.631579,3,293.877159
0.907895,4,293.881195
0.631579,3,293.884205
0.631579,3,293.887203
0.631579,3,293.890211
0.631579,3,293.893273
0.631579,3,293.896276
0.631579,3,293.899277
0.631579,3,293.902234
0.631579,3,293.905141
0.631579,3,293.907978
0.631579,3,293.910836
0.631579,3,293.913809
0.631579,3,293.916749
0.631579,3,293.919618
0.631579,3,293.922565
0.631579,3,293.925514
0.631579,3,293.928451
0.631579,3,293.931381
0.631579,3,293.934357
0.631579,3,293.937325
0.631579,3,293.940257
0.631579,3,293.943121
0.631579,3,293.945969
0.631579,3,293.948771
0.907895,4,293.952548
0.631579,3,293.955473
0.631579,3,293.958396
0.631579,3,293.961318
0.907895,4,293.965064
0.631579,3,293.967977
0.631579,3,293.970905
0.631579,3,293.973827
0.631579,3,293.976765
0.631579,3,293.979666
0.631579,3,293.982599
0.631579,3,293.985524
0.907895,4,293.98939
0.907895,4,293.993354
0.631579,3,293.996419
0.631579,3,293.999396
0.631579,3,294.00238
0.631579,3,294.00539
0.631579,3,294.008363
0.631579,3,294.01134
0.631579,3,294.014283
0.907895,4,294.018128
0.631579,3,294.021034
0.631579,3,294.023906
0.631579,3,294.026834
0.631579,3,294.029757
0.631579,3,294.032711
0.631579,3,294.035654
0.631579,3,294.038605
0.631579,3,294.041569
0.631579,3,294.044904
0.631579,3,294.049519
0.631579,3,294.05348
0.907895,4,294.05815
0.631579,3,294.061089
0.631579,3,294.064
0.631579,3,294.066949
0.631579,3,294.069909
0.631579,3,294.072896
0.631579,3,294.075875
0.552632,3,294.078815
0.631579,3,294.081767
0.631579,3,294.084697
0.631579,3,294.087674
0.631579,3,294.090672
0.631579,3,294.093633
0.907895,4,294.097522
0.631579,3,294.10047
0.631579,3,294.10341
0.631579,3,294.106412
0.631579,3,294.109327
0.631579,3,294.11223
0.631579,3,294.115199
0.907895,4,294.119095
0.631579,3,294.122121
0.631579,3,294.125164
0.631579,3,294.128193
0.631579,3,294.131095
0.631579,3,294.134059
0.631579,3,294.13693
0.631579,3,294.139941
0.631579,3,294.142888
0.907895,4,294.146829
0.631579,3,294.149733
0.631579,3,294.152745
0.631579,3,294.155729
0.631579,3,294.158737
0.631579,3,294.161736
0.631579,3,294.164753
0.631579,3,294.167755
0.631579,3,294.170782
0.631579,3,294.173659
0.631579,3,294.176625
0.631579,3,294.179524
0.631579,3,294.182416
0.631579,3,294.18545
0.631579,3,294.188483
0.907895,4,294.192545
0.631579,3,294.195562
0.631579,3,294.198582
0.631579,3,294.201524
0.631579,3,294.204523
0.631579,3,294.20751
0.907895,4,294.211458
0.631579,3,294.214443
0.631579,3,294.21742
0.631579,3,294.22036
0.631579,3,294.223224
0.631579,3,294.226067
0.631579,3,294.229027
0.631579,3,294.231936
0.631579,3,294.234866
0.631579,3,294.237803
0.907895,4,294.241709
0.631579,3,294.244702
0.631579,3,294.247725
0.631579,3,294.250735
0.631579,3,294.253698
0.276316,2,294.255629
0.631579,3,294.258652
0.631579,3,294.261674
0.631579,3,294.264677
0.631579,3,294.267671
0.631579,3,294.270705
0.631579,3,294.273682
0.631579,3,294.276626
0.631579,3,294.279552
0.631579,3,294.282483
0.631579,3,294.285538
0.631579,3,294.288583
0.631579,3,294.291598
0.631579,3,294.294619
0.631579,3,294.297644
0.907895,4,294.301641
0.631579,3,294.304663
0.631579,3,294.307673
0.631579,3,294.310656
0.631579,3,294.313669
0.631579,3,294.316726
0.631579,3,294.319604
0.907895,4,294.323583
0.631579,3,294.326693
0.907895,4,294.330781
0.631579,3,294.333745
0.631579,3,294.336713
0.631579,3,294.339618
0.631579,3,294.342523
0.631579,3,294.346637
0.631579,3,294.351552
0.631579,3,294.354685
0.907895,4,294.358497
0.631579,3,294.361415
0.631579,3,294.364416
0.907895,4,294.36829
0.631579,3,294.371203
0.631579,3,294.374118
0.631579,3,294.377018
0.631579,3,294.379987
0.631579,3,294.382828
0.631579,3,294.38569
0.631579,3,294.388609
0.631579,3,294.391558
0.631579,3,294.394506
0.631579,3,294.397595
0.631579,3,294.400536
0.907895,4,294.404477
0.631579,3,294.407367
0.631579,3,302.127996
0.631579,3,302.134056
0.631579,3,302.138544
0.631579,3,302.14271
0.631579,3,302.148292
0.631579,3,302.151192
0.631579,3,302.154094
0.631579,3,302.158192
0.631579,3,302.162423
0.631579,3,302.166059
0.631579,3,302.169897
0.631579,3,302.172659
0.631579,3,302.175468
0.631579,3,302.17959
0.631579,3,302.183441
0.631579,3,302.187047
0.631579,3,302.19119
0.907895,4,302.197085
0.631579,3,302.202692
0.631579,3,302.206301
0.631579,3,302.210061
0.631579,3,302.213886
0.631579,3,302.217735
0.631579,3,302.22073
0.631579,3,302.223676
0.631579,3,302.226765
0.631579,3,302.230033
0.631579,3,302.23277
0.631579,3,302.235706
0.907895,4,302.240582
0.631579,3,302.245408
0.631579,3,302.249032
0.631579,3,302.252012
0.631579,3,302.254941
0.631579,3,302.258053
0.631579,3,302.260905
0.631579,3,302.263751
0.631579,3,302.26661
0.631579,3,302.269442
0.631579,3,302.272204
0.631579,3,302.275019
0.631579,3,302.277769
0.631579,3,302.280583
0.631579,3,302.283393
0.631579,3,302.286289
0.631579,3,302.289027
0.631579,3,302.291825
0.631579,3,302.294626
0.631579,3,302.297374
0.631579,3,302.300182
0.907895,4,302.303886
0.631579,3,302.306623
0.631579,3,302.309495
0.907895,4,302.313232
0.631579,3,302.316072
0.631579,3,302.319027
0.631579,3,302.321859
0.631579,3,302.324761
0.631579,3,302.327739
0.907895,4,302.331629
0.631579,3,302.334399
0.631579,3,302.337285
0.631579,3,302.340112
0.907895,4,302.343862
0.907895,4,302.347488
0.631579,3,302.350293
0.631579,3,302.353118
0.631579,3,302.355993
0.631579,3,302.35891
0.631579,3,302.361844
0.631579,3,302.364751
0.631579,3,302.367587
0.631579,3,302.370523
0.631579,3,302.373496
0.631579,3,302.376462
0.631579,3,302.379396
0.631579,3,302.382358
0.631579,3,302.385316
0.631579,3,302.388267
0.631579,3,302.391185
0.631579,3,302.394118
0.631579,3,302.39717
0.631579,3,302.431093
0.631579,3,302.434805
0.631579,3,302.440328
0.631579,3,302.445306
0.631579,3,302.448702
0.631579,3,302.451466
0.631579,3,302.45462
